0.049
0.102
0.080
0.076
0.089
0.039
0.050
0.034
0.079
0.052
0.047
0.045
0.036
0.075
0.074
0.074
0.077
0.073
0.076
0.076
0.040
0.048
0.038
0.078
0.076
0.078
0.077
0.079
0.075
0.079
0.321
0.076
0.045
0.044
0.049
0.048
0.052
0.033
0.036
0.072
0.084
0.046
0.045
0.080
0.073
0.076
0.078
0.050
0.075
0.074
0.036
0.049
0.037
0.037
0.075
0.036
0.074
0.169
0.033
0.208
0.033
0.034
0.034
0.041
0.042
0.224
0.047
0.046
0.040
0.037
0.070
0.207
0.040
0.037
0.203
0.041
0.204
0.198
0.193
0.189
0.200
0.264
0.203
0.193
0.042
0.206
0.202
0.037
0.033
0.033
0.033
0.042
0.200
0.190
0.035
0.036
0.049
0.042
0.039
0.198
0.036
0.037
0.036
0.199
0.190
0.170
0.036
0.041
0.036
0.200
0.026
0.050
0.039
0.036
0.040
0.040
0.038
0.037
0.037
0.039
0.193
0.075
0.079
0.081
0.079
0.077
0.050
0.041
0.195
0.122
0.037
0.037
0.225
0.208
0.025
0.036
0.071
0.036
0.196
0.198
0.038
0.204
0.218
0.212
0.040
0.037
0.037
0.037
0.037
0.039
0.036
0.038
0.037
0.076
0.080
0.079
0.085
0.078
0.074
0.079
0.079
0.072
0.080
0.081
0.080
0.075
0.038
0.075
0.078
0.079
0.081
0.091
0.082
0.081
0.081
0.079
0.081
0.083
0.077
0.075
0.077
0.086
0.081
0.077
0.079
0.078
0.081
0.079
0.078
0.084
0.079
0.077
0.078
0.075
0.075
0.078
0.077
0.079
0.205
0.079
0.077
0.080
0.042
0.085
0.079
0.076
0.082
0.075
0.075
0.159
0.079
0.077
0.077
0.078
0.080
0.077
0.086
0.039
0.081
0.078
0.080
0.077
0.077
0.077
0.039
0.038
0.077
0.077
0.080
0.081
0.082
0.080
0.041
0.076
0.079
0.083
0.038
0.038
0.075
0.052
0.043
0.038
0.039
0.038
0.078
0.077
0.084
0.042
0.040
0.039
0.197
0.184
0.074
0.241
0.213
0.072
0.193
0.038
0.037
0.213
0.203
0.036
0.167
0.200
0.037
0.208
0.204
0.041
0.037
0.205
0.038
0.193
0.199
0.035
0.034
0.034
0.192
0.207
0.078
0.093
0.038
0.038
0.195
0.211
0.200
0.215
0.195
0.037
0.195
0.188
0.038
0.038
0.209
0.197
0.315
0.201
0.038
0.038
0.038
0.043
0.038
0.039
0.038
0.038
0.037
0.038
0.072
0.044
0.039
0.039
0.038
0.038
0.038
0.084
0.077
0.079
0.079
0.194
0.196
0.077
0.081
0.074
0.086
0.080
0.076
0.079
0.080
0.077
0.041
0.080
0.076
0.082
0.075
0.077
0.078
0.095
0.083
0.079
0.077
0.080
0.081
0.077
0.079
0.168
0.077
0.077
0.080
0.077
0.079
0.077
0.079
0.080
0.090
0.077
0.080
0.082
0.085
0.079
0.177
0.039
0.037
0.075
0.037
0.043
0.038
0.038
0.045
0.055
0.042
0.041
0.037
0.040
0.042
0.196
0.040
0.042
0.038
0.190
0.069
0.075
0.038
0.072
0.202
0.071
0.071
0.080
0.078
0.075
0.077
0.082
0.079
0.080
0.081
0.075
0.038
0.044
0.038
0.047
0.040
0.038
0.039
0.217
0.144
0.038
0.039
0.038
0.037
0.038
0.038
0.038
0.039
0.039
0.186
0.077
0.082
0.081
0.040
0.166
0.075
0.078
0.075
0.077
0.040
0.075
0.077
0.078
0.077
0.052
0.195
0.196
0.202
0.317
0.209
0.043
0.039
0.039
0.075
0.076
0.078
0.041
0.039
0.283
0.085
0.077
0.080
0.197
0.276
0.078
0.169
0.153
0.078
0.039
0.040
0.079
0.077
0.076
0.039
0.043
0.044
0.199
0.080
0.077
0.260
0.196
0.084
0.080
0.089
0.077
0.041
0.039
0.081
0.077
0.042
0.041
0.041
0.039
0.077
0.080
0.076
0.078
0.040
0.039
0.079
0.075
0.079
0.030
0.039
0.044
0.042
0.040
0.076
0.049
0.039
0.077
0.078
0.077
0.079
0.039
0.077
0.081
0.079
0.076
0.080
0.041
0.039
0.039
0.082
0.078
0.040
0.029
0.078
0.077
0.078
0.075
0.194
0.197
0.078
0.079
0.234
0.192
0.203
0.038
0.075
0.081
0.078
0.078
0.080
0.258
0.249
0.200
0.076
0.082
0.261
0.205
0.204
0.083
0.080
0.040
0.077
0.081
0.076
0.079
0.077
0.080
0.080
0.078
0.078
0.081
0.086
0.078
0.080
0.079
0.085
0.077
0.076
0.083
0.077
0.079
0.078
0.077
0.083
0.163
0.038
0.210
0.197
0.198
0.168
0.193
0.078
0.079
0.076
0.077
0.040
0.039
0.078
0.077
0.078
0.158
0.311
0.201
0.202
0.078
0.077
0.040
0.081
0.078
0.080
0.083
0.074
0.081
0.075
0.075
0.077
0.041
0.264
0.199
0.203
0.192
0.080
0.080
0.076
0.203
0.193
0.254
0.081
0.077
0.087
0.079
0.045
0.078
0.080
0.080
0.040
0.080
0.082
0.078
0.075
0.077
0.038
0.083
0.076
0.077
0.039
0.056
0.050
0.042
0.081
0.076
0.076
0.079
0.197
0.197
0.083
0.076
0.076
0.078
0.197
0.190
0.197
0.082
0.038
0.042
0.039
0.038
0.038
0.040
0.037
0.038
0.037
0.037
0.037
0.046
0.076
0.087
0.078
0.079
0.078
0.154
0.037
0.039
0.038
0.046
0.200
0.198
0.281
0.078
0.080
0.078
0.055
0.036
0.173
0.078
0.075
0.077
0.078
0.078
0.078
0.084
0.073
0.076
0.075
0.075
0.075
0.091
0.076
0.078
0.075
0.075
0.077
0.088
0.078
0.079
0.076
0.041
0.080
0.079
0.079
0.078
0.052
0.243
0.038
0.037
0.040
0.081
0.077
0.079
0.079
0.078
0.077
0.090
0.080
0.076
0.079
0.084
0.079
0.083
0.080
0.080
0.076
0.075
0.095
0.079
0.078
0.080
0.080
0.080
0.079
0.159
0.107
0.075
0.075
0.078
0.076
0.079
0.075
0.077
0.074
0.080
0.075
0.076
0.077
0.075
0.075
0.103
0.077
0.077
0.075
0.080
0.078
0.075
0.078
0.075
0.161
0.158
0.077
0.076
0.076
0.077
0.087
0.078
0.078
0.077
0.076
0.080
0.084
0.079
0.080
0.076
0.080
0.039
0.077
0.078
0.080
0.080
0.193
0.202
0.079
0.040
0.080
0.082
0.080
0.082
0.078
0.077
0.079
0.080
0.076
0.081
0.082
0.078
0.080
0.208
0.080
0.077
0.078
0.080
0.077
0.080
0.082
0.080
0.076
0.079
0.161
0.161
0.198
0.079
0.077
0.078
0.077
0.078
0.080
0.082
0.076
0.077
0.083
0.077
0.091
0.079
0.079
0.083
0.076
0.079
0.078
0.077
0.080
0.079
0.266
0.162
0.078
0.163
0.077
0.081
0.078
0.155
0.206
0.039
0.038
0.040
0.038
0.039
0.039
0.037
0.038
0.042
0.037
0.038
0.035
0.180
0.077
0.071
0.203
0.038
0.038
0.037
0.037
0.037
0.039
0.040
0.039
0.040
0.035
0.042
0.048
0.040
0.138
0.037
0.037
0.037
0.207
0.038
0.037
0.038
0.037
0.082
0.039
0.044
0.040
0.078
0.079
0.045
0.079
0.082
0.077
0.081
0.078
0.079
0.077
0.079
0.077
0.097
0.081
0.151
0.079
0.077
0.081
0.082
0.080
0.085
0.078
0.079
0.078
0.080
0.082
0.080
0.076
0.079
0.080
0.082
0.078
0.086
0.082
0.077
0.251
0.041
0.042
0.039
0.039
0.039
0.037
0.038
0.039
0.037
0.037
0.038
0.044
0.037
0.038
0.038
0.037
0.081
0.080
0.080
0.080
0.076
0.080
0.081
0.080
0.040
0.037
0.053
0.039
0.038
0.038
0.038
0.040
0.079
0.075
0.077
0.082
0.039
0.081
0.076
0.078
0.082
0.047
0.080
0.047
0.045
0.043
0.077
0.079
0.078
0.041
0.039
0.081
0.077
0.081
0.083
0.082
0.177
0.192
0.201
0.205
0.311
0.077
0.079
0.077
0.077
0.285
0.200
0.078
0.081
0.079
0.291
0.247
0.193
0.193
0.075
0.075
0.036
0.200
0.077
0.080
0.077
0.076
0.193
0.191
0.079
0.075
0.254
