0.064
0.082
0.076
0.074
0.079
0.076
0.083
0.092
0.088
0.075
0.073
0.076
0.074
0.077
0.086
0.075
0.079
0.077
0.076
0.048
0.206
0.194
0.074
0.078
0.075
0.080
0.082
0.075
0.074
0.086
0.077
0.081
0.079
0.084
0.074
0.074
0.077
0.074
0.078
0.077
0.081
0.079
0.077
0.151
0.093
0.083
0.076
0.044
0.044
0.298
0.195
0.156
0.170
0.076
0.082
0.075
0.079
0.078
0.078
0.054
0.245
0.050
0.036
0.079
0.090
0.084
0.077
0.076
0.075
0.077
0.080
0.077
0.079
0.076
0.090
0.083
0.076
0.080
0.080
0.079
0.080
0.039
0.038
0.037
0.038
0.037
0.038
0.038
0.038
0.046
0.040
0.039
0.038
0.193
0.254
0.233
0.194
0.206
0.041
0.038
