0.021
0.012
0.025
0.007
0.011
0.010
0.011
0.011
0.010
0.010
0.010
0.012
0.011
0.010
0.010
0.014
0.011
0.013
0.019
0.012
0.010
0.014
0.010
0.011
0.014
0.010
0.012
0.011
0.010
0.011
0.010
0.010
0.010
0.011
0.010
0.010
0.010
0.010
0.010
0.010
0.010
0.021
0.013
0.009
0.022
0.011
0.011
0.010
0.011
0.011
0.010
0.011
0.012
0.015
0.010
0.010
0.013
0.010
0.010
0.010
0.010
0.011
0.010
0.010
0.010
0.010
0.010
0.011
0.012
0.007
0.008
0.010
0.007
0.009
0.008
0.007
0.007
0.007
0.007
0.010
0.009
0.008
0.009
0.007
0.009
0.011
0.010
0.010
0.008
0.008
0.010
0.008
0.007
0.007
0.007
0.007
0.010
0.006
0.008
0.008
0.018
0.020
0.017
0.014
0.007
0.007
0.009
0.011
0.026
0.007
0.007
0.007
0.008
0.010
0.008
0.006
0.010
0.011
0.007
0.010
0.009
0.007
0.018
0.018
0.018
0.015
0.009
0.007
0.009
0.016
0.010
0.010
0.007
0.016
0.018
0.019
0.011
0.011
0.009
0.009
0.012
0.010
0.010
0.010
0.019
0.019
0.021
0.015
0.008
0.021
0.008
0.013
0.011
0.007
0.013
0.018
0.012
0.023
0.012
0.010
0.010
0.013
0.010
0.019
0.016
0.010
0.011
0.010
0.010
0.014
0.011
0.010
0.011
0.010
0.010
0.010
0.013
0.010
0.011
0.010
0.010
0.013
0.012
0.010
0.011
0.010
0.009
0.010
0.021
0.018
0.011
0.011
0.011
0.021
0.015
0.013
0.013
0.014
0.015
0.013
0.011
0.012
0.014
0.012
0.013
0.011
0.013
0.014
0.012
0.012
0.013
0.012
0.011
0.014
0.012
0.011
0.015
0.011
0.012
0.011
0.012
0.020
0.018
0.013
0.026
0.015
0.012
0.013
0.012
0.011
0.012
0.013
0.013
0.012
0.011
0.012
0.015
0.011
0.012
0.012
0.011
0.013
0.010
0.011
0.011
0.015
0.013
0.012
0.011
0.012
0.015
0.013
0.012
0.011
0.012
0.012
0.012
0.011
0.011
0.011
0.014
0.012
0.011
0.011
0.011
0.011
0.011
0.011
0.012
0.010
0.013
0.011
0.012
0.013
0.011
0.012
0.011
0.015
0.012
0.018
0.011
0.012
0.012
0.012
0.012
0.014
0.013
0.012
0.012
0.012
0.012
0.015
0.012
0.012
0.013
0.013
0.012
0.015
0.013
0.014
0.015
0.011
0.011
0.013
0.011
0.011
0.012
0.011
0.013
0.015
0.013
0.013
0.013
0.017
0.020
0.016
0.012
0.012
0.012
0.017
0.015
0.013
0.012
0.012
0.012
0.012
0.014
0.015
0.013
0.014
0.012
0.012
0.014
0.013
0.012
0.012
0.011
0.015
0.016
0.028
0.016
0.016
0.016
0.013
0.014
0.014
0.012
0.013
0.013
0.012
0.014
0.013
0.012
0.012
0.012
0.012
0.014
0.015
0.012
0.011
0.011
0.012
0.012
0.012
0.008
0.011
0.010
0.010
0.010
0.010
0.013
0.012
0.013
0.017
0.012
0.012
0.013
0.014
0.014
0.012
0.012
0.012
0.011
0.011
0.013
0.013
0.012
0.014
0.011
0.012
0.014
0.012
0.012
0.012
0.013
0.013
0.014
0.013
0.012
0.012
0.012
0.011
0.014
0.013
0.013
0.015
0.012
0.013
0.013
0.012
0.012
0.012
0.013
0.011
0.015
0.014
0.012
0.013
0.012
0.012
0.013
0.012
0.011
0.013
0.013
0.014
0.014
0.012
0.012
0.012
0.011
0.013
0.014
0.017
0.015
0.013
0.012
0.017
0.013
0.011
0.012
0.011
0.012
0.012
0.013
0.012
0.011
0.013
0.011
0.013
0.013
0.012
0.013
0.014
0.025
0.014
0.012
0.012
0.012
0.012
0.013
0.012
0.015
0.011
0.012
0.012
0.014
0.013
0.012
0.015
0.012
0.011
0.016
0.015
0.014
0.012
0.012
0.014
0.015
0.012
0.012
0.013
0.013
0.013
0.012
0.012
0.012
0.012
0.012
0.013
0.012
0.015
0.017
0.013
0.014
0.013
0.013
0.013
0.013
0.011
0.012
0.017
0.013
0.012
0.012
0.011
0.013
0.014
0.013
0.012
0.015
0.016
0.014
0.012
0.012
0.012
0.012
0.011
0.013
0.012
0.011
0.012
0.013
0.014
0.013
0.013
0.013
0.012
0.012
0.012
0.014
0.015
0.013
0.017
0.014
0.013
0.012
0.013
0.015
0.013
0.014
0.014
0.013
0.012
0.011
0.012
0.012
0.013
0.013
0.015
0.014
0.013
0.012
0.015
0.013
0.012
0.013
0.012
0.012
0.013
0.012
0.013
0.012
0.011
0.012
0.015
0.011
0.013
0.019
0.015
0.025
0.013
0.014
0.012
0.012
0.012
0.012
0.012
0.012
0.012
0.012
0.012
0.014
0.015
0.013
0.011
0.011
0.013
0.015
0.014
0.015
0.012
0.019
0.017
0.020
0.016
0.013
0.016
0.014
0.014
0.012
0.011
0.011
0.011
0.012
0.012
0.014
0.013
0.018
0.015
0.015
0.013
0.014
0.014
0.014
0.013
0.012
0.013
0.013
0.012
0.014
0.012
0.012
0.013
0.014
0.015
0.014
0.013
0.016
0.018
0.013
0.013
0.012
0.013
0.011
0.013
0.013
0.012
0.013
0.012
0.014
0.012
0.012
0.015
0.014
0.013
0.015
0.012
0.012
0.011
0.011
0.012
0.014
0.012
0.013
0.012
0.012
0.012
0.015
0.013
0.011
0.015
0.012
0.014
0.013
0.015
0.013
0.012
0.012
0.013
0.013
0.012
0.014
0.015
0.012
0.013
0.012
0.012
0.012
0.012
0.012
0.012
0.011
0.014
0.013
0.027
0.017
0.013
0.014
0.013
0.012
0.013
0.013
0.016
0.012
0.013
0.013
0.011
0.013
0.013
0.013
0.012
0.012
0.017
0.014
0.012
0.012
0.012
0.012
0.011
0.014
0.012
0.013
0.011
0.013
0.011
0.011
0.013
0.014
0.012
0.013
0.011
0.013
0.012
0.012
0.014
0.013
0.012
0.011
0.012
0.012
0.011
0.012
0.014
0.012
0.012
0.012
0.011
0.011
0.012
0.012
0.011
0.012
0.012
0.012
0.011
0.013
0.012
0.013
0.013
0.014
0.012
0.012
0.013
0.012
0.012
0.015
0.016
0.012
0.012
0.011
0.014
0.013
0.014
0.012
0.012
0.012
0.012
0.016
0.014
0.012
0.013
0.013
0.014
0.011
0.012
0.011
0.011
0.014
0.014
0.014
0.014
0.011
0.011
0.011
0.013
0.013
0.014
0.013
0.015
0.012
0.013
0.012
0.014
0.013
0.011
0.013
0.012
0.014
0.012
0.025
0.024
0.014
0.012
0.014
0.011
0.012
0.013
0.014
0.012
0.012
0.011
0.011
0.008
0.008
0.009
0.008
0.010
0.008
0.009
0.011
0.013
0.010
0.010
0.008
0.008
0.007
0.009
0.008
0.009
0.007
0.008
0.008
0.008
0.008
0.009
0.008
0.008
0.017
0.016
0.013
0.013
0.012
0.012
0.013
0.014
0.013
0.014
0.014
0.012
0.011
0.011
0.011
0.015
0.014
0.014
0.014
0.015
0.012
0.012
0.012
0.014
0.013
0.012
0.014
0.012
0.012
0.014
0.013
0.014
0.013
0.013
0.012
0.013
0.012
0.012
0.015
0.015
0.015
0.012
0.012
0.012
0.012
0.013
0.017
0.018
0.012
0.012
0.012
0.011
0.012
0.011
0.010
0.011
0.011
0.010
0.015
0.011
0.012
0.013
0.010
0.013
0.012
0.017
0.019
0.016
0.012
0.013
0.011
0.013
0.013
0.012
0.012
0.015
0.014
0.014
0.026
0.018
0.012
0.013
0.011
0.011
0.011
0.012
0.012
0.014
0.012
0.012
0.013
0.013
0.012
0.011
0.012
0.012
0.014
0.012
0.012
0.012
0.011
0.011
0.011
0.011
0.013
0.012
0.014
0.012
0.011
0.012
0.016
0.016
0.012
0.011
0.012
0.014
0.014
0.014
0.012
0.013
0.013
0.013
0.012
0.012
0.012
0.013
0.012
0.013
0.012
0.014
0.012
0.012
0.012
0.014
0.013
0.014
0.013
0.012
0.011
0.013
0.012
0.011
0.011
0.015
0.012
0.011
0.012
0.011
0.014
0.012
0.012
0.015
0.013
0.013
0.014
0.013
0.013
0.013
0.012
0.012
0.012
0.012
