0.021
0.019
0.010
0.010
0.011
0.010
0.014
0.010
0.010
0.012
0.011
0.014
0.015
0.011
0.027
0.011
0.010
0.011
0.015
0.019
0.013
0.023
0.014
0.011
0.010
0.010
0.011
0.017
0.010
0.017
0.010
0.010
0.010
0.017
0.009
0.009
0.010
0.010
0.018
0.013
0.010
0.010
0.010
0.016
0.019
0.012
0.006
0.011
0.010
0.025
0.012
0.010
0.011
0.010
0.011
0.014
0.011
0.010
0.010
0.013
0.012
0.014
0.015
0.011
0.011
0.012
0.010
0.021
0.011
0.013
0.011
0.009
0.013
0.012
0.018
0.015
0.012
0.011
0.020
0.014
0.011
0.015
0.010
0.010
0.012
0.018
0.010
0.011
0.010
0.016
0.012
0.010
0.010
0.011
0.010
0.010
0.015
0.014
0.009
0.013
