0.056
0.033
0.032
0.032
0.036
0.041
0.033
0.040
0.093
0.173
0.151
0.034
0.034
0.035
0.034
0.034
0.034
0.041
0.090
0.207
0.038
0.084
0.041
0.036
0.221
0.346
0.185
0.034
0.035
0.033
0.034
0.043
0.034
0.198
0.048
0.047
0.045
0.081
0.159
0.087
0.075
0.044
0.049
0.077
0.178
0.030
0.042
0.040
0.080
0.077
0.079
0.079
0.079
0.080
0.057
0.045
0.081
0.075
0.079
0.047
0.040
0.039
0.078
0.083
0.080
0.079
0.077
0.087
0.080
0.098
0.083
0.206
0.080
0.085
0.196
0.081
0.081
0.203
0.199
0.192
0.078
0.084
0.193
0.198
0.211
0.313
0.209
0.082
0.195
0.195
0.307
0.081
0.081
0.077
0.199
0.298
0.081
0.105
0.083
0.049
0.040
0.039
0.039
0.083
0.081
0.288
0.195
0.078
0.077
0.081
0.081
0.235
0.203
0.078
0.049
0.040
0.056
0.045
0.041
0.040
0.083
0.078
0.152
0.085
0.042
0.082
0.081
0.078
0.039
0.050
0.039
0.083
0.082
0.079
0.084
0.081
0.080
0.079
0.040
0.080
0.083
0.083
0.079
0.043
0.055
0.049
0.041
0.203
0.190
0.038
0.042
0.040
0.039
0.038
0.077
0.077
0.076
0.196
0.199
0.214
0.247
0.225
0.207
0.192
0.197
0.114
0.081
0.068
0.036
0.196
0.254
0.208
0.035
0.035
0.181
0.234
0.208
0.203
0.040
0.083
0.091
0.039
0.040
0.038
0.087
0.038
0.082
0.039
0.039
0.046
0.041
0.083
0.083
0.080
0.080
0.078
0.083
0.080
0.040
0.082
0.080
0.083
0.078
0.082
0.084
0.215
0.084
0.082
0.120
0.037
0.080
0.037
0.040
0.040
0.037
0.081
0.080
0.083
0.172
0.082
0.082
0.043
0.053
0.202
0.038
0.038
0.037
0.200
0.196
0.038
0.038
0.037
0.037
0.198
0.044
0.082
0.081
0.079
0.083
0.081
0.076
0.078
0.076
0.080
0.078
0.077
0.081
0.079
0.078
0.087
0.174
0.084
0.083
0.081
0.085
0.085
0.081
0.080
0.078
0.084
0.082
0.079
0.082
0.082
0.079
0.083
0.202
0.202
0.039
0.039
0.037
0.038
0.037
0.197
0.192
0.084
0.078
0.082
0.041
0.041
0.042
0.039
0.040
0.082
0.193
0.039
0.083
0.081
0.085
0.083
0.040
0.039
0.038
0.038
0.039
0.041
0.039
0.037
0.194
0.040
0.037
0.037
0.200
0.038
0.197
0.038
0.038
0.038
0.039
0.180
0.044
0.039
0.038
0.037
0.040
0.040
0.038
0.039
0.039
0.073
0.039
0.038
0.037
0.074
0.037
0.203
0.304
0.206
0.198
0.037
0.089
0.314
0.197
0.038
0.038
0.083
0.086
0.052
0.043
0.039
0.044
0.039
0.039
0.040
0.039
0.081
0.079
0.077
0.039
0.039
0.038
0.083
0.081
0.079
0.039
0.045
0.082
0.082
0.082
0.085
0.040
0.041
0.080
0.084
0.083
0.082
0.283
0.243
0.081
0.081
0.202
0.039
0.039
0.078
0.080
0.086
0.083
0.247
0.039
0.081
0.079
0.082
0.082
0.084
0.084
0.212
0.078
0.082
0.087
0.038
0.082
0.081
0.085
0.083
0.084
0.084
0.083
0.081
0.078
0.078
0.051
0.039
0.082
0.080
0.079
0.082
0.080
0.079
0.077
0.082
0.081
0.079
0.083
0.086
0.080
0.050
0.082
0.228
0.086
0.085
0.082
0.081
0.081
0.081
0.199
0.192
0.039
0.078
0.077
0.192
0.211
0.236
0.213
0.080
0.080
0.040
0.039
0.082
0.167
0.047
0.048
0.044
0.039
0.084
0.081
0.053
0.047
0.081
0.081
0.080
0.083
0.083
0.041
0.053
0.082
0.081
0.079
0.077
0.082
0.081
0.167
0.083
0.098
0.087
0.085
0.078
0.081
0.080
0.079
0.078
0.040
0.040
0.083
0.082
0.079
0.163
0.042
0.039
0.080
0.078
0.078
0.082
0.040
0.198
0.204
0.080
0.080
0.082
0.200
0.193
0.205
0.194
0.216
0.079
0.194
0.198
0.085
0.192
0.077
0.078
0.196
0.192
0.079
0.203
0.080
0.205
0.041
0.038
0.203
0.185
0.082
0.210
0.046
0.048
0.043
0.083
0.081
0.040
0.040
0.083
0.196
0.195
0.205
0.203
0.202
0.082
0.081
0.080
0.039
0.041
0.085
0.081
0.080
0.078
0.202
0.202
0.194
0.085
0.079
0.079
0.082
0.082
0.086
0.078
0.083
0.083
0.079
0.078
0.084
0.081
0.082
0.082
0.081
0.080
0.156
0.094
0.079
0.083
0.078
0.081
0.082
0.080
0.081
0.083
0.082
0.105
0.083
0.042
0.094
0.161
0.078
0.082
0.080
0.079
0.083
0.080
0.185
0.079
0.040
0.080
0.094
0.041
0.080
0.082
0.086
0.080
0.084
0.085
0.084
0.082
0.079
0.079
0.088
0.081
0.040
0.084
0.206
0.091
0.041
0.081
0.080
0.079
0.082
0.081
0.085
0.098
0.082
0.081
0.079
0.080
0.041
0.043
0.082
0.080
0.078
0.082
0.081
0.086
0.084
0.082
0.080
0.079
0.083
0.080
0.079
0.082
0.086
0.082
0.081
0.079
0.084
0.083
0.080
0.084
0.146
0.081
0.079
0.084
0.080
0.080
0.082
0.083
0.083
0.079
0.082
0.082
0.087
0.079
0.077
0.081
0.084
0.081
0.078
0.077
0.082
0.093
0.085
0.103
0.039
0.082
0.078
0.081
0.079
0.078
0.082
0.081
0.080
0.088
0.083
0.080
0.086
0.086
0.086
0.078
0.080
0.078
0.082
0.082
0.079
0.083
0.089
0.080
0.230
0.094
0.050
0.092
0.049
0.040
0.038
0.077
0.039
0.203
0.238
0.082
0.081
0.039
0.041
0.039
0.079
0.079
0.084
0.045
0.043
0.044
0.038
0.039
0.078
0.095
0.081
0.083
0.083
0.082
0.081
0.039
0.088
0.081
0.203
0.084
0.078
0.080
0.081
0.082
0.110
0.079
0.079
0.081
0.081
0.080
0.078
0.081
0.071
0.207
0.201
0.084
0.046
0.051
0.042
0.041
0.038
0.079
0.198
0.040
0.042
0.039
0.039
0.079
0.090
0.082
0.085
0.078
0.083
0.079
0.079
0.083
0.080
0.086
0.084
0.082
0.081
0.083
0.082
0.049
0.081
0.079
0.079
0.039
0.078
0.083
0.081
0.080
0.081
0.079
0.080
0.078
0.082
0.170
0.051
0.084
0.080
0.082
0.081
0.078
0.082
0.080
0.093
0.085
0.039
0.079
0.083
0.079
0.080
0.050
0.082
0.082
0.086
0.084
0.082
0.081
0.085
0.225
0.207
0.200
0.170
0.188
0.104
0.159
0.157
0.156
0.164
0.038
0.039
0.046
0.049
0.207
0.081
0.079
0.078
0.170
0.041
0.080
0.079
0.052
0.041
0.079
0.197
0.200
0.078
0.090
0.083
0.081
0.041
0.042
0.082
0.081
0.085
0.083
0.046
0.044
0.082
0.081
0.081
0.040
0.039
0.039
0.081
0.079
0.084
0.081
0.080
0.079
0.038
0.084
0.041
0.083
0.080
0.082
0.085
0.082
0.082
0.085
0.083
0.081
0.081
0.085
0.078
0.080
0.081
0.085
0.083
0.081
0.079
0.083
0.083
0.081
0.079
0.081
0.080
0.080
0.078
0.082
0.086
0.080
0.085
0.080
0.086
0.076
0.082
0.080
0.084
0.083
0.083
0.095
0.084
0.038
0.086
0.079
0.162
0.080
0.085
0.083
0.082
0.081
0.079
0.083
0.081
0.084
0.084
0.078
0.097
0.084
0.083
0.157
0.084
0.083
0.096
0.092
0.079
0.044
0.086
0.081
0.080
0.082
0.040
0.081
0.087
0.079
0.157
0.200
0.256
0.223
0.165
0.082
0.083
0.078
0.088
0.080
0.079
0.083
0.115
0.039
0.039
0.074
0.041
0.038
0.038
0.038
0.170
0.037
0.039
0.038
0.038
0.039
0.039
0.074
0.037
0.038
0.038
0.044
0.039
0.042
0.039
0.038
0.039
0.039
0.039
0.039
0.038
0.037
0.081
0.085
0.086
0.080
0.087
0.039
0.038
0.184
0.079
0.079
0.087
0.081
0.085
0.078
0.081
0.080
0.078
0.076
0.159
0.090
0.082
0.081
0.085
0.083
0.082
0.081
0.078
0.083
0.082
0.080
0.084
0.082
