0.061
0.040
0.034
0.038
0.033
0.033
0.034
0.042
0.048
0.051
0.035
0.049
0.040
0.033
0.036
0.033
0.033
0.037
0.045
0.046
0.047
0.045
0.042
0.040
0.040
0.038
0.035
0.051
0.050
0.046
0.050
0.059
0.051
0.038
0.033
0.034
0.033
0.043
0.041
0.034
0.033
0.051
0.042
0.047
0.044
0.037
0.032
0.035
0.035
0.039
0.035
0.033
0.052
0.045
0.035
0.033
0.038
0.034
0.046
0.034
0.033
0.034
0.034
0.042
0.039
0.213
0.033
0.047
0.049
0.036
0.214
0.195
0.201
0.181
0.211
0.214
0.044
0.049
0.147
0.034
0.211
0.046
0.035
0.051
0.036
0.033
0.036
0.036
0.040
0.043
0.184
0.211
0.196
0.207
0.197
0.219
0.205
0.043
0.052
0.041
