41.64
33.63
34.19
34.34
33.90
33.50
33.37
23.76
33.40
23.83
33.13
32.86
23.34
23.57
34.09
33.95
32.94
33.71
33.94
33.97
33.80
33.56
33.81
33.91
33.55
34.10
33.00
33.37
33.99
34.47
34.48
33.19
33.80
34.80
33.96
33.84
34.33
34.22
34.02
34.29
34.76
33.71
34.55
34.19
34.52
34.38
32.82
33.72
33.79
23.87
33.68
33.69
33.90
34.28
34.31
33.84
33.91
33.75
34.35
34.28
33.67
33.71
34.34
33.80
33.78
33.83
33.65
34.28
34.34
34.33
34.13
33.36
33.63
33.30
33.82
34.05
33.36
33.63
33.82
33.97
34.46
33.36
34.14
33.88
33.79
33.87
33.36
33.60
33.76
33.91
34.66
33.31
33.41
33.77
33.76
33.81
33.91
34.40
33.89
34.06
33.99
33.15
33.74
33.83
34.07
34.06
33.23
34.16
34.19
33.95
33.99
32.99
34.57
34.06
33.94
34.07
33.21
34.41
34.01
34.25
33.48
33.53
34.01
33.62
33.77
34.47
33.34
35.11
34.12
34.23
33.85
34.82
33.92
33.73
33.67
33.41
33.43
34.84
33.61
34.54
34.33
33.18
33.81
33.97
33.54
34.13
33.45
33.63
34.66
33.91
33.67
33.21
33.75
34.00
33.72
34.07
33.04
33.80
34.22
33.97
34.22
33.19
33.67
34.70
33.74
33.57
33.31
33.83
34.25
34.52
34.27
33.26
34.25
33.65
33.96
33.56
33.34
35.59
33.53
33.89
33.54
33.32
34.25
34.32
34.11
34.00
33.30
33.78
33.52
33.84
33.54
32.95
33.83
33.64
34.30
33.56
32.85
34.12
33.34
33.92
34.07
33.09
33.66
33.42
34.34
33.76
32.97
34.10
33.75
33.95
33.50
33.12
33.98
34.68
33.52
33.66
33.92
34.03
33.61
33.71
33.66
33.27
34.16
33.78
34.38
33.79
33.11
34.05
33.64
33.54
34.89
33.57
34.17
34.20
34.15
34.30
33.21
34.04
34.04
33.95
33.94
33.38
33.96
33.45
33.60
33.87
32.88
33.56
33.75
33.88
33.83
33.87
34.00
34.23
33.80
33.64
32.94
33.71
34.36
33.63
34.31
32.96
33.76
34.04
33.55
33.08
33.26
33.68
34.50
33.50
33.71
33.14
33.29
33.67
33.66
33.34
33.42
33.68
33.83
34.57
33.10
32.90
33.71
33.78
33.21
33.35
32.97
33.56
33.86
33.21
33.57
32.82
33.86
33.68
33.23
33.39
33.33
33.93
33.01
33.49
33.93
33.42
34.18
33.04
33.13
33.43
32.71
32.83
33.83
33.24
32.89
33.20
33.74
33.02
34.32
34.16
33.45
33.20
34.51
33.54
33.00
33.05
33.24
33.99
32.90
33.02
32.81
33.45
33.85
33.47
33.17
33.16
33.65
33.55
34.50
33.49
32.99
34.55
33.43
33.76
33.49
33.37
33.92
34.85
33.64
33.32
33.87
33.59
34.00
33.20
33.67
33.39
33.93
33.74
33.24
33.07
33.91
33.71
33.39
33.98
34.44
33.40
33.53
33.80
33.80
33.46
33.08
33.73
33.52
33.84
33.83
32.85
33.79
33.74
33.48
34.17
33.02
33.60
33.85
33.75
33.84
33.20
33.70
33.64
33.43
33.43
33.67
33.98
33.40
33.92
33.82
33.10
33.82
34.50
33.70
33.78
32.95
33.74
34.06
33.50
33.72
33.03
33.70
33.54
34.01
33.48
33.16
33.71
34.24
33.85
33.55
32.79
33.82
33.64
33.57
33.65
33.99
33.69
34.62
33.89
33.87
33.79
33.66
33.73
33.68
33.41
33.16
33.36
33.60
33.70
33.94
33.06
33.58
33.75
33.69
33.78
32.83
33.92
33.68
33.92
33.98
33.00
33.81
34.12
33.74
33.82
33.63
33.71
33.78
33.53
34.02
32.80
34.13
33.70
34.29
34.06
33.02
33.69
33.99
33.60
33.91
34.49
34.20
34.79
33.63
33.56
33.22
34.02
33.64
33.86
33.34
33.54
33.77
33.89
33.88
34.49
32.77
34.44
33.57
33.38
33.79
33.21
33.71
34.64
33.64
33.64
34.56
34.05
33.98
33.77
34.01
32.94
33.60
33.69
34.26
33.59
33.10
33.23
34.36
33.96
33.90
32.96
33.84
33.55
33.49
33.69
33.06
34.08
33.43
24.49
33.76
32.88
33.60
33.70
33.86
33.84
34.17
33.75
33.59
33.68
33.33
33.50
34.00
33.81
33.95
34.29
32.63
33.52
33.40
34.05
33.54
34.00
33.85
33.80
33.49
33.70
33.39
33.65
33.69
33.56
33.59
33.34
33.81
33.86
33.71
34.25
32.93
34.75
33.68
33.86
33.92
32.89
33.69
33.77
34.19
34.02
33.85
33.53
33.96
33.69
33.21
32.87
33.81
34.17
34.08
33.91
33.24
33.55
33.77
33.54
33.90
33.34
34.52
33.62
33.61
33.62
32.98
33.99
34.56
34.21
33.52
32.94
34.20
33.43
33.94
33.52
33.31
33.66
33.58
33.50
34.35
33.30
33.84
33.51
33.52
34.35
33.38
34.12
33.68
33.67
33.64
34.57
34.11
33.50
33.36
33.52
33.31
33.69
33.85
33.20
33.60
32.70
33.38
33.65
33.12
33.47
33.88
33.58
34.00
33.33
33.75
33.18
33.77
33.05
33.65
33.88
33.32
33.31
33.84
33.48
33.84
33.19
33.75
34.03
33.39
33.03
33.32
33.69
33.64
33.09
33.48
33.10
33.85
33.68
33.01
33.64
33.27
33.99
33.78
34.04
33.22
33.52
33.49
33.42
33.96
33.80
33.04
33.60
32.89
33.68
33.21
33.75
34.15
33.41
33.34
33.10
33.14
33.47
32.81
33.62
33.28
32.94
34.46
33.21
33.16
33.20
33.17
33.11
33.33
33.58
33.56
33.10
33.09
33.17
33.54
33.14
32.90
33.27
33.26
33.66
34.13
33.10
35.05
34.13
33.77
34.78
33.31
34.42
34.19
33.95
33.95
33.16
33.58
34.04
33.95
33.79
32.97
33.96
34.03
34.41
33.99
33.17
33.73
33.53
33.36
33.54
33.83
33.73
33.68
34.18
33.74
33.08
33.61
33.30
33.46
33.86
33.47
33.76
34.69
33.46
33.27
32.69
33.44
33.47
33.33
34.46
33.16
33.96
33.59
33.62
33.58
32.87
35.29
34.11
33.81
33.59
33.36
34.16
34.36
33.88
34.15
33.65
33.57
33.45
34.12
33.62
33.83
33.36
33.58
33.92
33.62
33.72
33.72
34.11
33.65
33.99
33.76
33.79
33.40
33.77
33.95
33.25
33.76
33.84
33.59
33.73
32.87
33.59
33.88
33.60
33.73
33.69
34.07
33.66
34.48
33.97
33.41
33.60
34.04
33.39
34.08
33.08
33.86
33.81
33.63
33.70
32.84
33.46
34.14
34.06
34.05
32.82
34.09
33.43
33.82
33.96
33.21
33.43
34.33
34.10
33.74
33.25
33.81
33.89
33.82
33.70
33.74
33.80
33.69
33.76
33.32
33.50
33.93
33.59
33.34
33.99
33.17
33.27
33.59
33.68
33.90
33.19
34.23
33.57
33.55
34.20
33.03
34.36
33.84
33.69
33.59
33.61
34.38
33.79
33.33
34.02
33.08
33.72
33.62
33.67
33.87
33.28
33.85
33.64
33.72
33.77
33.12
33.56
34.00
33.76
33.92
33.25
33.68
34.03
34.21
33.91
33.07
34.32
33.56
33.62
33.44
33.29
33.89
33.51
33.69
33.90
33.27
34.18
34.01
33.60
35.31
34.17
33.66
33.73
34.39
33.81
33.63
33.32
33.87
33.91
34.46
33.20
34.28
34.12
33.36
33.92
33.07
33.42
33.76
23.47
34.40
33.29
33.72
33.81
33.43
35.28
33.33
34.22
34.48
33.42
33.66
32.87
33.53
33.76
33.43
33.70
33.26
33.70
33.66
33.74
33.91
33.68
33.35
33.67
33.74
33.62
33.66
33.95
34.45
34.49
33.68
33.44
33.60
34.13
33.38
33.85
32.93
33.60
33.47
33.74
33.63
32.89
33.50
33.78
34.16
33.18
34.01
33.87
34.32
33.83
33.43
33.04
33.86
33.88
33.77
33.88
32.98
33.34
33.48
34.14
33.60
32.88
33.49
33.54
33.69
33.51
32.90
33.89
33.31
33.27
33.52
33.08
33.40
33.51
33.18
34.17
33.32
33.57
33.80
33.42
32.87
32.94
33.42
33.61
33.48
33.48
33.07
33.54
33.69
34.18
32.93
33.21
33.34
33.74
33.00
32.76
32.85
33.54
33.68
33.15
