20.02 
10.49 
10.62 
10.43 
10.43 
10.93 
10.31 
10.46 
10.48 
10.37 
10.79 
10.32 
10.36 
10.27 
10.32 
10.87 
10.27 
10.18 
10.28 
10.33 
10.73 
10.25 
9.80 
9.80 
9.86 
10.46 
10.24 
9.80 
9.74 
9.82 
10.23 
9.76 
9.75 
9.71 
9.77 
10.28 
9.77 
9.80 
9.91 
9.72 
10.27 
9.87 
9.77 
12.45 
12.31 
12.69 
12.07 
12.10 
12.08 
12.43 
12.83 
12.28 
12.14 
12.22 
12.20 
13.28 
12.73 
12.83 
12.82 
12.72 
13.09 
12.68 
12.54 
13.08 
13.44 
12.71 
12.15 
12.29 
12.13 
12.25 
12.68 
12.15 
12.22 
12.24 
12.08 
12.64 
12.06 
12.83 
12.83 
12.85 
13.31 
12.72 
12.54 
12.53 
12.57 
12.73 
12.08 
12.36 
12.21 
12.22 
12.74 
12.13 
12.13 
12.15 
12.23 
12.77 
12.37 
12.93 
12.90 
12.73 
13.24 
12.77 
12.82 
12.70 
12.57 
13.10 
13.43 
13.36 
12.82 
13.21 
13.75 
13.30 
13.21 
13.33 
13.24 
13.71 
13.24 
13.08 
12.71 
12.82 
13.25 
13.01 
13.08 
12.88 
13.00 
13.32 
12.78 
12.90 
12.76 
12.77 
13.25 
12.89 
12.83 
12.56 
12.73 
12.78 
12.37 
12.11 
12.18 
12.20 
13.24 
12.68 
12.65 
12.81 
12.63 
12.94 
12.85 
12.40 
12.20 
12.42 
12.80 
12.34 
12.42 
12.11 
12.15 
12.35 
12.13 
12.11 
12.11 
12.30 
12.65 
12.13 
12.36 
12.80 
12.87 
13.45 
12.89 
12.72 
12.62 
12.74 
13.36 
12.71 
12.75 
12.84 
12.89 
13.29 
12.66 
13.12 
12.72 
12.37 
12.80 
12.22 
12.48 
12.55 
12.12 
12.63 
12.21 
12.36 
12.10 
12.39 
12.67 
12.13 
12.15 
12.18 
12.17 
13.14 
12.22 
12.21 
12.21 
12.33 
12.88 
12.33 
12.19 
12.16 
12.17 
12.59 
12.15 
12.39 
12.15 
12.10 
12.73 
12.13 
12.13 
12.80 
12.87 
13.27 
12.75 
12.76 
12.76 
12.69 
12.97 
12.48 
12.49 
12.21 
12.32 
12.83 
13.15 
13.13 
13.01 
12.99 
13.49 
13.05 
13.09 
13.05 
12.89 
13.29 
12.83 
12.77 
12.66 
12.73 
13.19 
12.90 
12.91 
12.76 
12.61 
13.21 
12.95 
12.73 
12.34 
12.21 
12.76 
12.18 
12.11 
12.12 
12.13 
12.62 
12.02 
12.12 
12.27 
12.29 
12.59 
12.25 
12.11 
12.10 
12.18 
12.70 
12.13 
12.14 
12.08 
12.27 
12.60 
12.27 
12.09 
12.08 
12.17 
12.66 
12.04 
12.31 
12.02 
12.85 
13.30 
13.28 
12.85 
12.78 
12.74 
13.17 
12.74 
12.71 
12.60 
12.80 
14.17 
12.38 
12.36 
12.15 
12.33 
12.66 
12.20 
12.12 
12.27 
12.10 
12.89 
12.10 
12.09 
12.08 
12.06 
12.63 
12.08 
12.07 
12.10 
12.13 
12.59 
12.09 
12.05 
12.21 
12.08 
12.70 
12.27 
12.32 
12.11 
12.31 
12.61 
12.10 
12.36 
12.47 
12.34 
12.91 
12.15 
12.20 
12.37 
12.36 
12.75 
12.18 
12.61 
12.17 
12.36 
13.36 
13.38 
12.80 
12.85 
12.73 
13.10 
12.58 
12.62 
12.20 
12.16 
12.66 
12.90 
12.77 
12.74 
12.70 
13.27 
12.68 
12.88 
12.75 
12.69 
13.14 
12.72 
12.76 
12.47 
12.58 
13.08 
12.07 
12.10 
12.04 
12.27 
13.41 
12.98 
12.98 
13.04 
13.00 
13.38 
12.79 
12.96 
13.25 
13.10 
13.56 
13.07 
13.23 
13.04 
12.62 
13.23 
12.93 
13.47 
12.79 
12.73 
13.64 
12.98 
12.85 
12.97 
13.10 
13.44 
12.93 
12.62 
12.98 
12.75 
13.29 
12.69 
12.69 
12.76 
12.74 
13.22 
12.66 
12.60 
12.60 
12.67 
13.10 
12.50 
12.44 
12.13 
12.14 
13.03 
12.14 
12.11 
12.35 
12.34 
12.92 
12.34 
13.00 
13.09 
12.82 
13.27 
12.88 
12.87 
12.73 
12.75 
13.27 
12.63 
13.47 
13.39 
12.83 
13.29 
12.77 
12.67 
12.78 
12.67 
13.08 
12.56 
12.58 
12.21 
12.08 
12.67 
12.36 
12.96 
13.05 
13.04 
13.41 
12.83 
12.62 
12.67 
12.75 
13.37 
13.08 
12.99 
12.96 
13.41 
13.32 
12.60 
13.60 
12.77 
12.96 
13.44 
13.01 
13.40 
12.79 
12.80 
13.37 
12.92 
12.67 
12.80 
12.80 
13.39 
12.85 
13.47 
12.80 
12.78 
13.25 
12.60 
12.70 
12.75 
12.49 
12.80 
12.66 
12.27 
13.24 
12.83 
13.39 
12.81 
12.75 
12.63 
12.76 
13.12 
12.73 
12.73 
12.73 
12.45 
13.14 
12.55 
12.15 
12.31 
13.05 
13.47 
13.26 
12.91 
12.83 
12.95 
13.33 
12.84 
13.26 
12.82 
12.85 
13.30 
12.75 
12.82 
12.75 
12.83 
13.21 
12.76 
13.10 
12.70 
12.57 
13.18 
12.66 
12.81 
12.55 
12.78 
13.22 
12.53 
12.70 
13.09 
12.99 
13.20 
12.94 
12.83 
12.90 
12.86 
13.42 
12.73 
12.85 
12.77 
12.94 
13.19 
12.83 
12.48 
12.71 
12.52 
13.15 
12.63 
12.72 
12.65 
12.79 
13.25 
12.70 
12.68 
12.85 
12.95 
13.38 
12.81 
12.83 
12.82 
12.72 
13.33 
12.64 
12.72 
12.81 
12.66 
13.05 
12.70 
12.99 
12.71 
12.74 
13.28 
12.88 
12.75 
12.73 
12.72 
13.00 
12.70 
12.57 
12.79 
12.79 
13.18 
12.60 
12.75 
12.49 
12.71 
13.14 
12.81 
12.62 
12.73 
12.78 
13.08 
12.68 
12.66 
13.04 
12.48 
12.90 
12.28 
12.41 
12.31 
12.36 
12.83 
12.34 
12.46 
12.40 
12.22 
12.84 
12.16 
12.34 
12.87 
12.78 
13.35 
12.81 
12.78 
12.66 
12.85 
12.86 
12.15 
12.32 
12.11 
12.41 
12.74 
13.02 
13.04 
13.07 
12.89 
13.31 
12.85 
12.72 
12.84 
12.89 
13.29 
13.21 
12.89 
12.67 
12.83 
13.39 
12.84 
12.66 
12.74 
12.88 
13.66 
12.99 
13.03 
12.92 
12.81 
13.32 
12.84 
13.14 
13.05 
13.17 
13.46 
12.86 
12.71 
13.10 
13.13 
13.31 
12.74 
12.81 
12.94 
12.99 
13.50 
13.08 
12.98 
13.16 
12.64 
13.35 
12.97 
12.82 
12.66 
13.01 
13.21 
12.93 
12.90 
12.92 
12.74 
13.34 
12.68 
12.70 
12.53 
12.41 
12.86 
12.30 
12.19 
12.35 
12.27 
12.93 
12.29 
12.75 
12.71 
12.75 
12.87 
12.85 
13.28 
13.10 
13.09 
13.57 
13.04 
12.93 
12.79 
12.89 
13.31 
12.63 
12.78 
12.70 
12.91 
13.36 
12.88 
12.99 
12.95 
13.02 
13.49 
13.01 
13.05 
12.94 
12.85 
13.25 
13.06 
12.85 
12.71 
12.83 
13.30 
12.91 
12.75 
12.84 
12.66 
13.50 
12.78 
12.69 
12.52 
12.36 
12.71 
12.37 
12.15 
12.40 
12.29 
12.87 
12.06 
12.25 
12.12 
12.29 
12.64 
12.35 
12.79 
12.29 
12.66 
12.68 
12.06 
12.24 
12.29 
12.09 
12.90 
12.37 
12.35 
12.39 
12.63 
12.82 
12.39 
12.66 
13.15 
13.22 
13.69 
13.06 
13.17 
13.06 
13.15 
13.61 
13.04 
13.25 
13.18 
13.18 
13.65 
13.13 
13.09 
13.07 
13.16 
13.56 
13.21 
13.13 
13.28 
13.13 
13.57 
13.09 
13.18 
13.23 
13.07 
13.53 
12.86 
12.78 
12.80 
12.86 
13.28 
12.93 
12.75 
13.33 
12.87 
13.34 
12.68 
12.77 
12.84 
12.96 
13.36 
12.85 
12.75 
12.77 
12.73 
13.43 
12.66 
12.85 
12.73 
12.93 
13.37 
12.96 
12.85 
12.89 
12.86 
13.27 
12.79 
12.85 
12.88 
12.77 
13.38 
12.90 
12.87 
12.90 
12.94 
13.32 
12.95 
12.84 
12.94 
12.96 
13.31 
12.72 
12.86 
12.90 
12.86 
13.31 
12.90 
12.77 
12.83 
12.69 
13.46 
12.76 
12.90 
12.92 
13.45 
13.39 
12.94 
12.94 
12.71 
12.98 
13.26 
12.87 
12.92 
12.99 
12.73 
13.30 
12.81 
12.90 
13.81 
12.94 
13.27 
12.90 
12.87 
12.98 
12.67 
13.34 
12.74 
12.82 
12.81 
12.95 
13.34 
12.90 
12.69 
12.87 
12.87 
13.27 
12.86 
12.76 
12.83 
12.76 
13.27 
12.82 
12.83 
12.71 
12.77 
13.34 
12.86 
12.97 
12.89 
12.76 
13.36 
12.84 
12.91 
12.89 
12.91 
13.79 
12.91 
12.79 
12.91 
12.82 
13.36 
12.76 
12.85 
13.19 
12.95 
13.17 
12.69 
12.88 
12.76 
12.90 
13.26 
12.91 
12.74 
12.94 
12.92 
13.32 
12.86 
12.98 
12.73 
13.01 
13.42 
12.93 
12.81 
12.83 
12.92 
13.32 
12.73 
12.75 
12.94 
12.84 
13.19 
12.82 
12.84 
12.84 
12.88 
13.27 
12.68 
13.04 
12.78 
12.83 
13.35 
12.76 
12.90 
12.75 
12.94 
13.38 
13.47 
12.77 
12.90 
12.75 
13.33 
12.70 
12.96 
12.83 
12.93 
13.20 
12.94 
13.02 
12.82 
13.07 
13.35 
12.93 
12.84 
12.89 
12.85 
13.26 
12.83 
12.73 
12.85 
12.86 
13.23 
12.84 
13.81 
12.87 
13.41 
13.30 
12.84 
12.90 
12.78 
12.87 
13.21 
12.92 
12.76 
12.84 
12.72 
13.33 
12.36 
12.30 
12.35 
12.33 
12.69 
12.34 
12.07 
12.27 
12.07 
12.75 
12.41 
12.34 
12.29 
13.55 
