14.64
10.28
10.29
10.27
12.93
13.40
12.96
12.65
12.88
12.88
13.46
12.88
12.81
13.38
12.84
13.63
12.91
12.91
12.96
12.89
13.33
12.90
12.96
12.94
12.94
13.28
12.91
12.86
12.79
12.86
13.36
12.93
12.92
12.87
12.91
13.38
12.96
12.82
12.85
13.26
13.36
12.91
12.84
12.80
12.95
13.39
12.97
12.91
12.86
12.86
13.45
12.97
12.84
12.80
12.85
13.38
12.86
12.99
12.93
13.26
13.51
13.05
12.85
12.90
12.88
13.44
12.97
12.90
12.84
12.82
13.35
12.86
12.86
12.98
12.97
13.46
13.04
13.00
12.81
12.79
13.31
12.87
12.97
13.06
12.98
13.42
13.05
12.97
12.83
12.78
13.45
13.31
13.07
12.87
13.01
13.49
12.94
12.89
12.81
12.92
13.73
12.86
13.48
12.98
12.87
13.33
12.87
12.90
12.92
12.95
13.39
13.04
12.89
12.92
12.91
13.37
13.04
12.93
13.24
12.96
13.35
12.98
13.05
12.89
12.92
13.42
13.03
12.98
12.88
12.61
13.39
12.80
12.86
12.91
12.91
13.51
13.03
12.82
12.93
12.85
13.47
12.93
13.02
13.00
12.93
13.38
13.07
13.01
13.15
13.07
13.85
13.58
12.95
13.03
12.80
13.40
13.02
12.87
12.83
12.92
13.33
12.87
12.92
12.85
12.81
13.38
12.87
12.76
12.85
12.87
13.44
12.89
12.87
12.79
13.02
13.38
12.95
12.84
12.82
12.90
13.48
13.05
12.86
12.81
12.91
13.48
12.88
12.87
12.84
12.92
13.29
12.93
12.93
12.82
12.89
13.29
12.91
12.95
12.94
12.83
13.34
13.24
13.32
12.86
12.93
13.37
12.92
13.05
12.94
12.83
13.29
12.95
12.93
13.05
12.91
13.35
13.05
12.97
12.97
13.02
13.31
12.93
12.85
13.15
12.92
13.41
12.91
12.86
12.87
13.32
13.31
13.04
12.82
12.85
12.85
13.88
12.91
12.82
12.96
12.85
13.37
12.89
13.02
12.85
12.76
13.40
12.88
12.99
12.96
12.95
13.45
12.95
13.17
12.97
12.86
13.47
12.98
12.87
13.26
13.10
13.35
12.99
13.28
12.92
13.10
13.37
12.96
12.86
12.91
12.89
13.50
12.87
12.85
12.93
12.99
13.34
13.05
13.05
12.98
12.89
13.29
12.97
12.90
12.84
12.87
13.30
13.01
13.02
13.05
12.85
13.43
12.90
12.85
12.79
12.83
13.48
12.87
12.97
12.81
13.11
13.51
13.31
12.83
12.99
13.10
13.36
12.98
12.86
12.89
12.97
13.46
12.88
12.80
12.81
12.86
13.38
12.89
12.89
12.84
12.81
13.69
12.84
12.96
12.96
12.78
13.43
12.99
12.98
12.80
12.89
13.38
12.94
12.97
12.95
12.78
24.30
12.89
12.96
12.94
12.93
13.31
13.03
12.82
12.89
12.98
13.37
12.84
13.06
12.95
13.04
13.32
12.87
12.87
12.77
12.83
13.36
12.99
12.94
12.99
12.86
13.37
12.92
12.91
12.82
12.89
13.31
12.85
12.86
12.75
12.87
13.36
12.85
12.87
12.82
13.27
13.37
13.13
12.94
12.93
12.98
13.40
12.97
12.84
12.86
12.83
13.38
12.90
12.80
12.84
12.91
13.41
13.00
12.91
12.95
12.78
13.45
12.90
13.02
12.94
12.93
13.41
12.92
12.88
13.03
12.85
13.35
12.87
12.93
12.98
12.88
13.38
12.83
12.86
12.85
13.05
13.36
12.96
12.94
12.84
12.87
13.55
12.91
12.88
13.71
12.89
13.49
12.91
12.91
12.99
12.89
13.44
13.01
12.84
12.81
12.89
13.43
12.94
12.84
12.81
12.85
13.31
12.83
12.97
12.98
12.81
13.34
12.86
12.85
12.80
12.91
13.34
12.96
12.81
12.76
12.89
13.36
12.88
12.88
12.92
12.93
13.38
12.86
12.83
13.01
12.95
13.37
13.17
12.91
12.95
12.89
13.42
12.96
12.87
12.93
12.86
13.35
12.89
12.99
13.18
12.92
13.41
12.91
12.86
12.98
12.89
13.82
12.97
13.02
12.84
12.94
13.34
12.93
12.91
12.94
12.94
13.40
12.86
12.85
12.91
13.15
13.41
13.04
12.82
12.84
12.88
13.30
12.94
12.95
12.97
12.81
13.40
12.98
12.88
12.87
12.86
13.41
12.81
12.91
12.81
12.95
13.33
12.85
12.98
12.89
12.87
13.36
12.86
12.85
13.00
12.81
13.38
12.95
12.92
12.92
12.88
13.34
12.88
12.87
12.81
12.90
13.40
12.95
13.00
12.92
12.91
13.34
12.97
12.84
12.83
12.90
13.46
12.94
13.03
12.79
12.88
13.30
12.86
12.79
12.84
12.99
13.39
12.87
13.03
12.93
12.91
13.32
12.92
12.84
12.81
12.86
13.37
13.06
12.79
12.84
12.84
13.30
12.87
12.83
13.05
12.93
13.34
12.86
12.89
12.90
13.01
13.35
12.94
12.86
12.81
13.25
13.40
12.88
12.85
12.84
13.04
13.34
12.85
12.88
13.32
12.87
13.35
12.87
12.92
12.92
12.95
13.60
12.86
12.85
12.93
12.90
13.45
13.00
12.92
12.96
13.04
13.42
12.92
12.91
13.01
12.99
13.35
12.95
12.84
12.91
12.84
13.35
13.03
12.88
12.81
12.87
13.37
12.94
12.91
12.84
13.04
13.31
13.00
12.84
12.96
12.84
13.43
12.88
12.83
13.02
12.86
13.89
12.88
12.85
12.90
12.88
13.41
12.89
12.90
12.82
12.94
13.46
13.00
12.81
12.90
12.96
13.48
12.99
12.89
13.01
12.98
13.43
12.95
12.92
13.17
12.95
13.47
12.86
12.81
12.92
12.85
13.35
12.93
12.89
12.86
12.95
13.33
12.91
12.83
13.09
12.98
13.39
12.89
12.92
12.92
12.91
13.31
12.93
12.89
12.87
12.98
13.38
13.02
13.11
13.00
12.85
13.50
12.92
12.95
12.99
13.08
13.47
12.95
12.99
12.88
12.73
13.35
13.31
12.99
12.91
12.95
13.41
12.87
12.85
12.93
12.89
13.38
12.94
12.85
12.82
12.95
13.36
12.98
12.89
12.91
12.91
13.46
12.98
12.94
12.93
12.95
13.45
12.92
12.90
12.96
12.92
13.36
12.92
12.97
12.88
12.96
13.75
12.75
12.86
12.88
13.00
13.30
13.02
12.99
12.89
12.92
13.94
13.07
13.39
12.90
12.81
13.52
12.94
12.94
13.43
12.97
13.43
12.99
12.87
12.97
12.93
13.44
12.86
12.98
12.88
12.93
13.45
12.81
12.83
12.88
12.83
13.44
13.05
12.92
12.85
12.80
13.29
12.89
12.84
12.90
12.90
13.37
13.00
12.96
12.87
12.96
13.38
12.95
12.72
13.61
12.95
13.40
12.94
13.42
12.97
13.07
13.38
12.88
12.85
12.94
12.93
13.45
12.85
12.85
12.94
12.90
13.38
12.98
12.87
12.93
12.85
13.50
13.08
12.92
13.23
12.86
13.44
12.96
12.90
12.91
12.87
13.43
12.87
12.79
12.94
12.93
13.34
12.96
12.90
13.02
12.98
13.44
13.07
12.88
12.90
12.86
13.43
12.67
12.89
12.84
12.93
13.40
12.94
13.11
13.16
12.88
13.38
12.92
12.94
12.83
12.96
13.37
13.05
12.85
12.98
12.95
13.39
12.95
12.95
12.86
12.97
13.37
12.97
12.89
12.91
12.94
13.38
12.87
12.84
12.98
12.96
13.30
12.92
12.81
12.79
12.87
13.40
12.92
12.96
12.81
12.84
13.41
12.96
12.74
12.82
12.90
13.40
12.93
12.81
12.90
13.44
13.44
12.99
12.97
12.80
12.77
13.37
12.88
13.08
12.90
12.92
13.40
12.88
12.85
12.87
13.07
13.31
12.94
12.82
12.88
12.91
13.36
12.81
13.20
12.87
12.94
13.34
13.38
12.82
12.83
12.90
13.32
12.90
12.85
12.82
13.04
13.73
12.92
12.91
12.91
12.85
13.33
12.84
12.96
12.93
12.90
13.33
12.92
12.90
12.99
12.84
13.32
12.82
12.82
12.85
12.87
13.34
12.92
12.87
12.88
13.39
13.35
12.92
12.82
12.89
12.77
13.35
12.87
12.86
12.89
12.96
13.33
12.94
12.84
12.86
12.91
13.28
12.86
12.83
12.94
12.98
13.29
12.86
12.69
12.90
12.81
13.30
12.90
12.85
13.35
12.89
13.31
12.85
12.80
13.01
12.93
13.32
12.91
12.83
12.97
13.77
