27.17
20.32
19.28
21.08
20.89
19.71
18.21
21.35
18.63
18.77
19.59
18.84
18.61
18.58
18.61
19.56
17.93
18.63
21.02
19.00
19.61
18.83
18.80
21.09
18.63
19.93
18.73
17.96
18.62
18.61
19.42
17.92
21.06
18.69
19.62
19.51
18.83
18.61
20.99
18.61
19.57
17.82
18.69
21.06
18.57
19.57
18.68
17.99
18.86
18.69
19.73
18.70
22.21
20.98
18.57
19.51
18.75
18.57
18.62
18.47
19.41
17.84
21.08
20.98
18.58
19.49
21.17
18.66
18.59
18.59
19.46
18.31
18.62
21.39
18.88
19.86
18.63
18.59
18.55
18.57
19.82
18.63
18.62
18.65
18.58
19.52
18.62
18.71
18.73
18.79
19.62
17.93
21.07
20.98
18.49
19.89
21.03
21.43
18.87
20.92
20.52
18.77
18.58
18.48
18.69
19.46
18.66
20.95
18.62
18.62
19.60
17.87
21.44
18.63
18.51
19.46
18.64
18.73
18.75
21.02
19.59
18.66
18.49
18.60
18.63
19.36
18.57
22.15
20.94
18.80
19.52
18.62
18.60
21.09
18.52
19.48
18.72
20.90
18.71
18.54
19.56
18.62
21.62
21.10
18.60
24.65
18.69
20.98
18.56
18.71
19.48
18.63
21.02
18.56
20.91
19.50
18.10
21.20
18.96
18.57
19.46
18.60
18.79
20.99
19.21
19.41
21.24
18.63
18.57
18.68
19.37
17.92
18.63
19.44
21.06
19.45
22.93
18.65
18.78
18.68
20.09
18.67
21.10
18.63
18.60
19.35
18.62
19.00
18.76
19.24
19.53
22.97
21.09
21.23
18.58
19.47
17.89
21.09
18.56
21.14
19.57
18.68
18.60
18.61
18.59
19.50
18.74
18.55
18.62
18.56
19.26
18.59
18.12
18.64
18.62
19.36
21.05
18.64
18.63
18.54
20.14
17.89
18.60
18.76
18.52
19.39
17.83
21.32
18.57
18.60
19.54
18.65
21.75
18.52
18.53
19.47
18.85
21.11
20.99
21.10
19.52
18.11
18.52
18.43
20.98
19.53
18.69
17.72
18.73
18.45
19.55
18.73
18.54
18.65
18.48
19.39
20.95
18.55
18.63
18.61
19.42
17.86
18.65
18.64
18.60
19.37
19.35
18.65
18.53
18.52
19.46
18.60
18.51
18.80
18.56
19.63
18.66
18.79
17.88
18.51
19.43
18.62
18.58
18.79
18.50
19.53
18.71
17.86
18.63
18.61
19.25
17.83
17.91
18.59
18.56
19.48
18.61
18.84
17.80
21.06
19.47
17.59
18.77
18.58
18.78
19.44
18.66
18.61
18.82
18.58
19.57
18.58
22.66
19.12
18.84
19.50
18.76
18.57
17.79
20.99
20.06
17.58
18.01
18.68
18.59
20.21
18.69
18.51
18.56
18.53
20.08
18.63
18.65
20.97
20.99
19.46
18.60
18.64
18.53
18.65
19.47
18.73
18.54
18.57
18.59
19.45
18.83
18.73
18.95
18.76
19.81
18.61
18.66
17.98
18.53
19.47
18.72
18.61
18.55
19.37
19.50
17.91
21.01
18.59
18.56
19.48
17.60
18.60
18.63
18.59
19.46
17.57
18.71
18.62
18.72
19.50
18.12
21.86
18.57
20.93
19.53
18.05
18.56
18.68
18.59
19.53
23.08
20.97
19.49
18.59
19.51
17.98
18.62
18.59
18.60
19.48
18.59
18.83
18.64
18.63
19.39
18.69
18.58
18.63
18.64
19.48
18.35
18.50
18.51
17.75
19.53
18.01
18.31
18.63
18.26
19.55
18.63
18.73
18.62
18.58
19.41
17.89
18.54
20.97
19.22
19.40
18.65
18.64
18.63
18.63
19.52
18.66
18.60
18.65
17.72
19.46
18.85
18.13
21.05
18.62
19.42
17.74
17.91
18.62
18.63
19.39
18.40
17.96
18.65
18.60
19.28
17.90
19.36
22.82
18.61
19.52
18.65
17.90
18.95
17.86
19.44
18.74
18.62
18.69
18.56
19.50
17.98
18.61
18.62
18.63
19.33
18.25
18.70
18.88
18.61
19.40
17.90
18.64
18.61
18.57
19.85
17.93
18.60
18.55
18.51
19.50
18.67
18.58
18.58
18.67
19.52
17.88
18.68
18.57
17.84
19.52
18.63
23.52
17.91
19.09
19.43
17.84
18.61
18.61
18.66
19.59
21.42
18.61
17.73
18.56
19.44
17.87
18.82
17.75
21.51
19.74
17.94
17.88
18.83
18.55
19.40
17.91
18.59
20.92
18.53
19.43
18.70
18.57
17.75
18.65
19.40
18.15
20.95
20.96
18.55
19.48
17.92
18.58
18.57
18.59
19.44
18.49
18.62
17.91
18.62
19.37
23.92
17.95
18.22
17.73
19.48
17.61
17.89
18.65
21.02
19.43
17.74
18.70
21.03
18.62
19.40
18.06
18.20
18.66
18.98
20.01
17.76
18.57
18.59
18.50
19.40
18.63
20.86
18.02
18.60
19.28
17.77
17.87
18.55
18.56
19.94
17.94
18.62
18.55
18.49
19.51
22.78
18.60
18.59
17.69
19.45
18.63
18.38
18.59
21.18
19.46
18.65
18.61
17.82
18.51
19.44
17.61
18.62
21.14
17.67
19.44
17.85
18.63
18.73
18.58
19.42
18.52
21.38
18.51
17.59
19.36
17.68
18.74
18.62
18.51
19.36
17.84
18.52
18.54
18.49
19.45
17.89
18.57
18.63
17.73
19.31
18.73
18.61
18.60
21.10
19.73
18.61
18.23
18.56
21.57
19.45
18.59
21.41
18.57
18.67
19.73
17.84
17.70
18.56
17.81
19.38
17.80
18.54
18.71
21.03
19.49
18.62
17.79
18.60
19.04
19.85
18.57
18.63
18.76
18.54
19.49
18.59
18.51
18.61
17.83
19.64
18.67
18.26
20.99
18.54
19.32
18.25
18.58
17.91
18.58
19.42
17.85
18.56
18.66
21.06
20.15
22.96
18.63
18.56
18.54
19.35
18.06
18.58
18.69
18.59
19.35
17.79
18.62
21.62
18.62
19.36
18.00
18.54
18.70
18.74
19.49
18.95
18.72
18.69
18.62
19.63
17.60
18.65
17.82
18.63
20.74
17.85
18.57
21.47
18.63
19.38
18.81
18.64
18.61
18.56
19.55
17.63
18.64
18.74
18.58
19.57
17.74
19.42
18.00
18.58
19.54
17.50
18.52
18.66
20.99
19.45
22.68
17.70
18.63
18.69
19.32
22.95
18.84
19.05
18.56
19.34
17.91
18.50
18.85
18.56
19.32
18.58
21.29
18.67
18.55
19.25
18.88
21.01
18.63
18.59
19.47
17.84
20.95
17.83
17.90
19.50
17.80
18.59
18.50
18.68
19.68
17.84
18.61
21.99
18.66
19.44
17.92
18.61
18.60
18.68
19.52
17.78
17.75
18.53
18.64
19.38
23.05
18.48
18.50
17.79
19.41
22.81
18.58
20.96
18.52
19.73
17.62
18.55
18.57
23.21
19.55
17.84
17.87
18.62
18.54
19.45
17.73
18.83
18.68
18.56
19.52
17.81
18.56
17.98
18.59
19.28
18.69
18.64
18.70
18.47
19.91
18.60
18.54
18.52
18.55
19.48
17.99
18.58
18.65
18.56
19.39
22.86
18.57
18.56
18.61
19.40
17.58
18.60
18.71
17.86
19.69
17.93
21.28
18.61
17.89
19.39
17.90
18.53
18.46
18.55
19.48
17.58
18.52
21.17
18.56
19.43
18.64
18.48
17.84
18.49
19.44
18.69
18.62
18.60
18.54
19.52
18.27
23.29
20.98
18.74
19.45
17.93
18.66
18.66
17.82
19.46
17.77
18.64
18.87
18.53
19.82
17.89
18.74
18.69
18.58
19.41
18.60
18.55
23.08
18.32
19.47
17.93
18.52
18.15
17.73
19.52
18.62
18.65
18.64
17.95
19.43
17.54
18.56
20.98
18.62
19.28
18.05
17.69
17.93
18.69
19.41
17.74
18.76
18.63
18.53
19.48
18.66
17.86
18.07
22.75
19.28
18.65
18.62
18.63
18.66
19.35
17.82
18.63
18.59
18.89
19.58
19.05
17.78
18.50
18.64
19.44
18.08
18.61
18.50
17.68
19.47
17.86
17.51
18.57
17.75
19.43
17.85
18.65
18.52
17.75
19.31
17.83
18.55
18.60
18.51
19.30
17.94
18.55
18.54
18.98
19.63
17.53
18.59
18.61
17.79
19.39
17.80
18.45
17.74
17.63
19.44
17.83
21.02
17.81
17.89
19.29
17.70
17.80
18.77
18.65
19.39
17.77
18.55
18.14
17.73
19.41
17.97
18.69
17.83
18.56
19.44
17.96
17.90
18.42
18.77
