30.39
19.04
21.79
18.76
18.84
19.65
23.23
18.79
18.85
18.01
19.71
18.10
18.82
17.76
17.98
19.69
18.04
18.07
18.92
18.75
19.64
18.06
18.83
23.45
18.76
19.83
18.02
18.14
18.94
17.98
19.71
18.80
18.92
18.82
18.84
19.68
18.90
18.79
18.90
18.84
19.57
17.75
18.85
18.88
18.04
19.93
19.85
18.06
19.27
18.99
19.68
19.03
19.00
18.78
23.43
19.60
18.02
18.84
18.67
17.99
19.67
17.90
18.77
18.86
18.80
19.70
17.99
21.32
17.98
18.81
19.68
18.03
18.85
18.84
18.86
19.48
17.83
18.81
18.01
17.91
19.63
17.97
18.79
18.85
18.77
19.59
18.04
18.55
18.80
19.18
19.74
18.09
18.73
19.32
23.06
20.69
21.49
19.23
18.85
18.05
20.76
18.86
18.02
18.01
18.06
19.64
18.12
18.37
18.81
19.09
19.84
18.84
18.79
18.83
18.23
19.67
17.99
18.84
23.28
18.97
19.59
17.79
18.82
18.84
19.01
19.77
17.92
18.82
18.90
18.81
19.81
18.90
18.74
17.94
18.80
19.68
23.00
18.01
18.83
19.55
19.71
18.14
19.35
18.75
18.84
19.59
21.42
21.10
18.80
18.84
19.82
19.05
18.82
18.98
18.81
19.70
19.06
19.21
18.07
18.85
19.53
22.95
18.79
18.86
18.78
19.71
17.75
18.93
18.82
17.91
19.85
17.76
18.83
18.79
17.97
19.62
22.89
18.84
19.13
18.74
19.69
17.80
18.51
18.75
17.90
19.64
20.20
21.22
18.80
19.06
19.47
18.18
18.81
18.73
18.07
19.65
23.00
18.75
18.80
18.17
19.53
17.99
18.74
18.08
17.70
19.57
18.26
18.10
17.94
17.73
19.59
22.91
17.74
17.74
17.66
19.51
21.57
18.92
18.84
18.75
19.64
17.84
18.41
18.85
18.78
19.63
17.83
18.02
18.83
18.94
19.85
23.12
19.64
18.00
18.82
19.62
18.27
18.80
18.03
18.90
19.70
23.11
18.87
18.85
19.28
19.54
18.36
17.95
18.84
18.81
19.62
17.85
18.88
18.72
18.02
19.70
17.78
17.97
17.95
18.77
19.72
17.83
18.84
18.94
18.70
19.78
23.12
23.10
18.06
18.05
19.82
18.01
18.89
18.82
18.80
19.69
17.89
17.83
18.82
19.21
19.54
17.83
18.73
18.53
18.76
19.87
17.96
18.82
17.98
18.75
19.70
17.77
18.07
18.89
18.06
19.68
23.22
18.87
18.93
18.04
19.67
23.45
18.96
19.31
18.80
19.64
17.78
19.01
18.83
18.89
19.68
17.88
18.79
18.82
17.93
20.37
18.10
18.73
18.79
18.85
20.00
17.90
17.97
18.89
18.79
20.68
17.85
18.84
18.91
18.07
20.21
17.93
17.97
18.80
18.01
19.63
17.91
18.74
18.84
18.72
20.00
23.10
18.81
18.85
17.98
19.57
19.06
18.77
17.98
18.96
19.56
18.02
18.86
17.98
18.06
19.57
18.73
18.96
18.80
17.98
19.52
23.11
18.91
18.81
18.74
19.75
17.89
17.77
18.82
17.95
19.70
18.85
19.90
17.92
17.79
19.67
17.94
18.30
18.06
18.81
19.93
23.23
18.51
18.84
18.72
19.69
17.99
18.01
18.79
19.00
19.69
17.80
18.85
18.77
18.76
19.58
18.61
18.93
18.85
18.76
19.72
18.75
18.85
18.83
18.83
19.92
17.83
18.82
18.84
18.80
19.57
18.04
18.83
18.82
18.80
19.78
17.83
18.92
19.40
18.71
19.75
18.03
17.99
18.72
19.16
19.70
18.06
18.28
19.13
18.82
19.76
17.95
18.80
18.88
17.94
19.53
17.92
18.77
17.99
18.78
19.91
23.04
18.76
17.99
18.79
19.57
17.92
17.99
18.82
18.76
19.57
18.89
18.77
18.00
17.95
19.80
18.81
18.80
18.78
17.92
19.56
17.97
18.86
18.98
18.85
20.61
17.82
18.80
17.99
18.86
19.65
18.24
18.84
18.84
18.78
19.48
18.15
18.90
18.03
18.81
19.57
18.40
17.90
18.75
18.83
19.60
18.48
17.93
18.09
18.79
19.67
22.90
17.96
18.04
18.02
19.46
23.00
18.78
18.02
17.92
19.49
18.87
17.93
18.91
18.05
19.46
17.82
18.04
17.99
17.91
19.71
17.79
18.47
17.73
17.89
19.65
18.72
18.75
19.15
21.02
19.47
17.74
17.93
17.89
18.56
19.62
17.83
18.02
18.88
18.01
19.55
17.99
17.81
18.81
18.71
19.79
22.95
17.88
18.82
18.94
19.54
17.98
18.76
17.65
18.59
19.67
22.93
19.02
17.93
18.77
19.76
23.10
18.84
17.94
18.75
19.52
23.10
17.90
18.74
17.97
19.56
18.02
17.92
18.71
18.26
20.01
17.79
17.65
17.90
17.79
19.59
22.67
18.00
18.83
18.94
19.55
17.99
18.77
18.39
18.01
20.00
17.79
18.12
17.82
18.04
19.53
18.25
17.95
18.86
18.77
19.70
17.75
18.86
18.79
18.79
19.75
23.01
18.87
18.22
18.09
19.74
22.96
18.96
18.83
18.80
20.23
18.88
17.81
18.07
18.92
19.65
18.01
19.22
18.02
17.92
19.69
18.00
19.15
18.17
18.82
19.70
18.36
18.92
17.98
18.00
19.54
17.97
18.78
18.80
17.93
19.64
18.01
18.82
23.17
18.83
19.58
18.32
18.85
17.81
17.93
20.08
17.84
23.12
17.91
18.80
19.58
18.04
18.15
18.85
21.18
19.52
19.06
18.88
18.69
18.01
19.53
23.44
18.90
18.98
19.32
19.80
18.09
18.82
17.94
18.88
19.81
23.18
18.08
18.06
18.80
19.60
17.77
17.93
18.77
18.78
19.66
18.39
18.31
18.81
18.01
19.74
18.03
17.98
18.84
18.09
19.53
23.34
18.90
17.92
18.07
19.52
17.83
18.81
17.98
18.77
19.50
18.04
18.75
19.33
17.98
19.56
18.85
18.87
18.83
18.81
19.69
18.17
18.12
19.20
18.14
19.55
17.93
18.91
18.82
18.81
19.56
17.79
17.97
18.92
18.83
19.60
18.15
18.03
18.75
18.05
19.68
17.86
18.96
18.75
19.02
19.80
23.21
17.97
18.87
18.88
19.52
18.08
18.83
18.75
17.98
19.56
23.09
18.75
18.80
19.61
19.68
17.96
18.89
17.99
18.87
19.60
21.47
18.84
19.31
18.84
19.76
18.02
18.05
18.82
18.76
19.54
18.91
18.14
23.63
18.74
19.73
18.07
17.99
18.81
18.84
19.84
17.85
18.74
18.80
18.84
19.54
17.74
18.04
18.09
18.81
19.66
17.84
18.08
17.91
17.96
19.54
17.77
18.88
18.86
18.91
19.68
18.74
17.99
18.82
18.77
19.54
17.77
18.83
21.31
18.93
20.22
17.82
18.90
18.76
18.80
19.72
18.00
18.70
18.80
18.82
19.73
18.08
18.76
18.38
18.87
19.57
18.10
18.90
18.92
18.78
19.71
17.98
17.95
18.78
18.73
19.63
17.73
18.75
18.79
18.85
19.71
18.41
23.24
21.26
18.83
19.76
18.03
19.38
18.04
17.99
19.56
21.18
19.01
18.92
18.31
19.74
18.44
19.23
21.35
18.71
19.85
18.98
18.84
18.81
18.02
19.71
17.86
18.02
17.98
17.95
19.68
22.97
19.01
17.97
18.11
19.52
17.70
18.44
18.00
23.11
19.70
18.37
17.95
18.83
19.13
19.63
17.99
17.99
18.03
18.78
19.57
17.79
18.86
18.92
19.48
19.56
17.98
18.03
18.77
18.73
20.02
21.36
18.78
17.91
18.75
19.65
18.81
18.72
18.80
18.70
19.60
18.17
18.82
18.83
18.53
19.66
19.12
18.87
18.82
17.88
19.65
18.79
18.77
17.97
18.72
19.62
17.73
17.74
17.97
18.84
19.67
17.74
18.00
17.88
18.75
19.97
17.80
17.93
18.68
17.91
19.97
22.88
18.72
18.75
18.77
19.68
18.15
17.92
18.82
18.82
19.59
18.36
18.85
18.88
18.07
19.56
17.81
18.76
17.98
18.75
19.56
18.07
18.83
18.83
18.08
19.70
23.12
18.80
18.83
18.73
19.65
17.98
17.97
18.78
18.68
19.76
18.97
18.79
18.76
18.80
19.84
23.05
17.98
18.79
17.96
19.75
18.12
18.52
18.78
17.93
19.67
18.02
18.81
17.95
21.23
19.59
18.04
18.26
18.85
17.99
19.62
17.87
18.84
18.75
17.93
19.73
18.15
18.74
18.93
19.06
