49.985
49.992
49.966
49.963
49.941
49.953
49.948
49.968
49.962
49.969
49.977
49.961
49.969
49.982
49.967
49.966
49.941
49.996
49.998
50.004
49.962
49.953
49.948
49.963
49.965
49.947
49.954
49.988
49.968
49.939
49.944
49.947
49.939
49.950
49.944
49.980
49.955
49.953
49.954
49.947
49.955
49.946
49.945
49.954
49.969
49.949
49.994
49.977
49.952
49.982
50.009
49.964
49.950
49.949
49.951
49.960
49.951
49.953
49.944
49.979
49.953
49.966
49.953
49.962
49.968
49.972
49.973
49.956
49.954
49.970
49.977
49.966
49.949
49.952
49.947
49.943
49.946
49.956
49.947
49.958
49.986
49.984
49.958
49.977
49.950
49.949
49.967
49.968
49.957
49.965
49.948
49.960
49.949
49.958
49.949
49.966
49.951
49.956
49.959
49.975
49.966
49.944
49.950
49.948
49.951
49.963
49.979
49.977
49.947
49.958
49.952
49.965
49.984
49.960
49.947
49.946
49.949
49.952
49.943
50.039
49.953
49.966
49.947
49.953
49.960
49.944
49.982
49.954
49.949
49.957
49.959
49.977
49.952
49.951
49.948
49.945
50.014
49.947
49.955
49.960
49.961
49.957
49.952
49.979
49.975
49.958
49.994
49.963
49.999
49.956
49.956
49.976
49.968
49.961
49.985
49.998
49.943
50.008
49.961
49.954
49.947
50.007
49.959
49.994
49.954
49.970
49.977
49.976
49.950
49.977
49.962
49.965
49.958
49.967
49.978
49.973
49.957
49.967
49.948
49.992
49.968
49.954
49.948
49.959
49.966
49.967
49.967
49.959
49.948
49.954
49.960
49.963
49.955
49.964
49.948
49.958
49.954
49.964
49.961
49.961
49.944
49.948
49.955
49.970
49.954
49.971
49.973
49.959
50.007
49.977
49.962
49.954
49.978
49.960
49.958
49.963
49.983
49.949
49.964
49.954
49.951
49.945
49.962
49.959
49.976
49.958
49.964
49.970
49.963
49.944
49.955
49.957
49.949
49.956
49.946
49.946
49.956
49.956
49.947
49.954
49.954
49.950
49.969
49.946
49.965
50.049
49.951
49.960
49.947
49.970
49.962
49.973
49.975
50.001
50.002
49.996
49.996
49.985
50.000
50.003
49.992
49.978
49.979
49.979
49.989
49.976
49.988
49.977
50.008
49.994
49.976
50.000
49.988
50.001
50.002
49.985
49.985
50.002
49.988
49.981
49.970
49.972
49.998
49.981
49.974
49.980
49.958
49.979
50.000
49.975
50.026
49.995
49.992
49.967
49.985
49.994
49.989
49.996
50.007
49.981
50.002
49.972
49.977
49.970
49.967
50.010
50.012
50.077
50.048
50.073
49.971
49.965
49.992
49.965
49.965
49.965
49.957
49.994
49.977
49.957
49.980
49.972
49.988
49.968
49.989
50.022
49.972
49.971
49.958
49.973
49.988
49.981
49.988
49.973
49.971
49.989
49.983
49.994
49.991
49.985
49.954
49.963
49.952
49.959
49.973
49.983
49.980
49.984
49.987
49.990
49.980
49.990
49.986
49.988
49.976
49.984
49.998
50.119
49.986
49.966
49.949
49.962
49.999
49.986
49.955
49.992
49.966
49.980
49.995
49.974
49.974
49.985
49.980
49.977
49.980
50.002
49.993
49.989
49.985
49.985
49.976
49.973
49.990
49.971
49.967
49.977
49.969
49.987
49.989
49.981
49.982
49.951
49.982
49.985
49.995
49.972
49.989
49.955
49.957
49.959
50.004
49.975
49.963
49.963
49.963
49.973
49.975
49.979
49.991
49.984
49.969
49.957
49.992
49.973
50.002
49.981
49.972
49.991
49.990
49.983
49.975
50.011
49.968
49.975
49.980
49.963
49.990
49.985
49.997
50.000
49.988
50.002
49.992
49.995
50.000
49.973
49.958
49.964
49.955
49.955
49.944
49.958
49.965
49.952
49.952
49.953
49.957
49.960
49.951
49.977
49.950
49.977
49.957
49.954
49.949
49.967
49.959
49.933
49.979
49.978
49.945
49.958
49.951
49.965
49.974
49.959
49.973
49.949
49.944
49.970
49.946
49.962
49.956
49.961
49.952
49.963
49.952
49.952
49.963
49.952
49.955
49.960
49.974
49.951
49.971
49.971
49.975
49.987
49.973
49.960
49.949
49.948
49.965
49.967
49.956
49.955
49.975
49.963
49.985
49.982
49.948
49.960
49.964
49.963
49.974
49.966
49.959
49.962
49.964
49.954
50.011
49.985
49.982
49.976
49.974
49.976
49.992
49.983
49.990
49.988
50.001
49.984
49.967
49.960
49.969
49.950
49.957
49.953
49.984
49.973
49.975
49.994
49.973
49.951
49.946
49.952
49.955
49.994
49.961
49.966
49.958
49.963
49.962
49.993
49.980
49.994
49.964
49.976
49.967
49.987
49.987
49.962
49.983
50.001
49.950
49.977
49.980
50.001
49.952
49.962
49.975
49.998
49.966
49.951
50.009
49.970
49.965
49.973
49.971
49.964
49.974
49.977
49.966
49.959
50.000
49.961
49.975
49.966
49.954
49.955
49.977
49.987
49.974
49.961
49.977
49.961
49.956
49.959
49.965
49.957
49.977
49.964
49.956
49.964
49.961
49.951
50.012
49.956
49.953
49.955
49.967
49.961
49.947
49.953
49.970
49.954
49.962
49.979
49.967
49.949
49.960
49.974
49.979
49.941
49.959
49.975
49.959
49.967
49.963
49.984
49.957
49.967
49.986
50.082
50.047
50.002
50.019
49.991
49.976
49.957
49.958
49.987
50.001
49.954
50.003
49.984
49.996
49.976
49.995
49.986
49.960
49.973
49.976
49.985
49.982
49.961
49.998
50.022
49.963
49.955
49.952
49.964
49.955
49.952
49.959
49.949
49.973
49.944
49.998
49.964
49.960
49.966
49.961
49.963
49.956
49.974
49.961
49.967
49.982
49.961
49.976
49.954
49.977
49.958
49.994
49.987
49.967
49.989
49.952
49.954
49.989
49.980
49.969
49.957
49.964
49.953
49.951
49.964
49.952
49.953
49.945
49.967
49.957
49.974
49.958
49.954
49.965
49.966
49.969
49.958
49.951
49.953
49.969
49.966
49.960
49.990
49.997
49.997
49.968
49.961
49.965
49.961
49.966
49.967
49.956
49.963
49.971
49.957
49.950
49.958
49.961
49.950
49.966
49.980
49.966
49.950
49.961
49.952
49.981
49.958
49.970
49.962
49.988
49.993
49.958
49.965
49.980
49.995
49.964
49.952
49.953
49.945
49.952
49.984
49.967
49.954
49.950
49.956
49.982
49.959
49.950
49.966
49.966
49.956
49.991
49.951
49.951
49.949
49.948
49.959
49.957
49.960
49.953
49.990
49.965
49.980
49.968
49.975
49.984
49.960
49.958
49.974
49.969
49.960
49.956
49.993
49.970
49.963
49.955
49.957
49.963
49.972
49.960
49.967
49.963
49.978
50.007
49.966
49.967
49.992
49.981
49.965
49.965
49.952
49.981
49.989
49.968
49.951
49.979
49.970
49.981
49.948
49.955
49.958
49.966
49.946
49.966
49.981
49.984
49.953
49.966
49.949
49.953
49.946
49.954
49.978
49.963
49.955
49.951
49.949
49.950
49.946
49.982
49.965
49.994
49.962
49.966
49.960
50.004
49.963
49.985
49.995
49.963
49.972
49.955
49.963
49.978
49.952
49.955
49.969
49.975
49.992
49.955
49.996
49.983
49.965
49.955
49.970
49.946
49.950
49.953
49.949
49.955
49.966
49.951
49.978
49.982
49.954
49.956
49.966
49.963
49.979
49.987
49.974
49.959
49.983
49.955
49.960
49.969
49.949
49.973
49.965
49.953
49.956
49.954
49.954
49.954
49.962
49.949
49.965
49.959
49.956
49.951
49.962
49.955
49.958
49.970
49.963
49.959
49.988
49.966
49.957
49.964
49.983
49.980
49.966
49.970
50.024
49.951
49.970
49.953
49.987
49.978
49.966
49.953
49.960
49.957
49.966
49.957
49.952
49.979
49.955
49.948
49.958
49.954
49.977
49.973
49.971
49.968
49.978
49.985
49.976
49.963
49.968
49.977
49.988
49.995
49.965
49.957
49.952
49.954
49.954
49.972
49.955
49.978
49.988
49.975
50.022
49.969
49.945
49.971
49.951
50.018
49.971
50.002
49.997
49.957
49.985
49.948
49.953
49.950
49.960
49.961
49.960
49.956
50.003
50.006
49.967
49.954
49.978
49.958
49.955
49.984
49.957
49.975
49.954
49.977
49.966
49.959
49.957
49.964
49.963
49.958
49.961
49.953
49.975
49.978
49.979
49.961
49.975
49.962
49.973
50.003
49.963
49.945
49.966
49.963
49.967
49.947
49.964
49.970
49.964
49.960
49.966
49.959
49.955
49.964
49.954
49.954
49.964
