49.983
49.990
49.953
49.952
49.958
49.959
49.956
49.983
49.985
49.961
49.997
49.955
49.950
49.965
49.951
49.978
49.965
49.951
49.954
49.980
49.991
49.964
49.955
49.989
49.962
49.969
49.986
49.990
49.960
49.973
49.964
49.991
49.953
49.958
49.945
49.981
49.952
49.953
49.978
49.989
49.976
49.958
49.947
49.955
49.974
49.962
49.964
50.033
49.965
49.948
49.961
49.947
49.970
49.967
49.954
49.979
49.981
49.965
49.963
49.975
49.959
49.960
49.953
49.956
49.962
49.974
49.968
49.968
49.957
49.953
49.991
49.988
49.962
49.983
49.982
49.976
49.935
49.961
49.959
49.958
49.971
49.981
49.953
49.989
50.006
49.990
49.982
50.027
49.969
49.952
49.965
49.988
49.979
49.964
49.976
49.969
49.997
49.955
49.949
49.968
49.954
49.991
49.987
49.971
49.977
49.965
49.961
49.997
49.979
49.985
49.980
49.995
49.973
49.973
49.992
49.992
49.969
49.985
49.960
49.990
49.964
49.960
49.960
49.965
49.972
49.971
49.983
49.986
49.999
49.981
49.979
50.001
50.015
49.998
49.993
50.010
49.987
49.977
49.955
49.964
49.989
49.969
49.972
49.959
49.983
50.000
49.992
49.976
50.019
49.952
49.955
49.960
49.945
49.952
49.964
49.952
49.953
49.961
49.949
49.983
49.965
49.957
49.951
49.966
49.988
49.944
49.951
49.958
49.965
49.955
49.954
49.957
49.981
50.040
49.989
49.978
49.987
49.961
49.953
49.985
49.967
49.961
49.969
49.967
49.962
49.968
49.948
49.963
49.955
49.945
49.954
49.954
49.961
49.962
49.968
49.978
49.980
49.976
49.968
49.968
49.979
49.967
49.975
49.982
50.008
49.984
50.001
49.984
49.981
50.002
50.006
50.054
49.993
50.001
49.999
49.987
49.988
49.987
49.994
49.992
49.990
49.982
49.986
49.982
49.997
49.977
49.987
49.987
49.980
50.000
49.984
49.982
50.000
49.998
49.991
49.967
49.980
49.992
49.980
49.987
49.985
49.999
49.987
50.000
50.002
49.985
49.990
49.983
49.988
49.994
49.980
49.976
49.983
49.997
49.985
49.977
49.976
49.983
49.997
49.986
49.995
49.986
49.965
49.983
49.953
49.958
49.949
49.971
49.962
49.962
49.951
49.954
49.955
49.951
49.988
49.967
49.970
49.956
49.965
49.954
49.967
49.953
49.950
49.960
49.967
49.958
49.955
49.966
49.957
49.977
49.977
49.959
49.982
49.961
49.986
49.962
49.960
49.947
49.964
49.976
49.965
49.965
49.961
49.959
49.966
49.968
49.967
49.959
49.953
49.949
49.953
49.967
49.969
49.982
50.001
49.985
49.986
49.987
49.975
49.986
49.995
49.989
49.961
49.991
49.972
49.975
49.995
49.982
49.965
49.950
49.962
49.998
50.004
49.986
49.992
49.997
49.989
49.989
49.981
49.969
49.939
49.964
49.954
49.987
49.981
50.000
49.979
49.977
49.988
49.977
49.987
49.977
49.985
49.992
49.957
49.968
49.986
49.968
49.961
49.969
49.957
50.000
49.985
49.978
49.958
49.981
49.964
49.967
49.975
49.957
49.954
49.952
49.974
50.010
49.967
49.972
49.968
49.959
50.005
49.967
49.952
49.963
49.999
49.988
49.980
49.958
49.953
49.970
49.951
49.956
49.950
49.952
49.970
50.000
49.994
49.963
49.969
49.949
49.958
49.961
49.978
50.006
49.980
49.964
49.957
49.957
49.960
49.986
49.979
49.983
49.980
49.999
49.989
50.014
49.996
49.990
49.977
49.954
49.973
49.955
49.967
49.990
49.981
49.967
49.970
49.962
49.964
49.990
49.980
49.974
49.968
49.970
49.975
49.996
49.976
49.983
49.977
49.975
49.957
49.981
49.977
49.958
49.981
50.025
49.976
50.000
49.998
49.984
49.991
49.991
49.985
50.008
50.003
50.016
49.996
49.991
49.991
50.015
50.008
50.001
49.980
49.994
49.976
49.977
49.978
49.962
49.967
49.985
49.980
49.985
49.984
49.956
49.966
49.969
49.949
49.975
49.963
50.011
49.944
49.966
49.954
49.967
49.953
49.964
49.970
49.976
49.961
49.954
49.955
49.967
49.972
49.964
49.959
49.994
49.954
49.963
49.956
49.963
49.972
49.955
49.958
49.960
49.962
50.015
49.955
49.962
49.973
49.984
49.982
49.985
49.952
49.955
49.958
49.983
49.966
49.993
49.979
49.952
50.064
50.610
50.502
50.122
49.974
49.965
49.957
49.967
49.958
49.950
49.947
49.965
49.964
49.978
49.972
49.972
49.954
49.958
49.970
49.989
49.964
49.998
49.962
49.986
49.983
50.002
50.010
49.974
50.014
49.968
49.961
49.970
50.015
49.963
49.982
49.956
49.977
49.975
49.975
49.959
49.956
49.978
49.960
49.959
49.982
49.950
49.959
49.970
49.978
49.965
49.966
49.970
49.997
49.992
50.013
49.987
49.978
49.959
49.970
49.974
49.993
49.977
49.969
49.975
49.979
49.974
49.975
49.964
49.971
49.965
49.978
49.962
49.958
49.968
49.984
49.973
49.966
49.970
49.952
49.952
49.959
49.960
49.973
49.985
50.000
49.951
49.987
49.987
49.972
49.971
49.971
49.964
49.993
49.996
49.989
50.017
49.973
49.971
49.963
49.953
49.969
49.979
49.984
49.982
49.980
49.972
49.956
49.973
49.984
49.962
49.973
49.943
49.959
49.958
49.974
49.987
49.954
49.973
49.973
49.965
49.978
49.980
49.973
49.965
49.973
49.959
49.964
49.960
49.974
49.984
49.980
49.974
49.968
49.973
50.009
49.995
49.970
49.973
49.959
49.974
49.974
49.969
49.982
49.981
49.980
49.961
49.987
49.994
49.973
49.969
49.961
49.963
49.966
49.973
50.018
49.993
49.965
49.979
49.962
49.983
49.974
49.992
49.975
49.980
49.963
49.961
49.988
49.971
49.959
49.957
49.964
49.956
49.988
49.991
50.005
49.969
49.971
49.974
49.997
50.007
49.990
49.973
49.974
49.986
49.983
49.972
49.994
49.987
49.964
49.959
49.957
49.969
49.956
49.960
49.974
49.966
49.995
49.966
49.977
49.989
49.976
49.961
49.978
49.978
49.992
49.963
49.971
49.977
49.966
49.994
49.981
49.976
49.984
50.000
50.005
49.993
50.005
50.022
50.003
49.965
49.988
49.967
49.995
49.969
49.978
49.957
49.958
49.981
49.957
49.961
49.983
49.959
49.960
49.980
49.976
49.992
49.981
49.956
49.973
49.956
49.986
49.956
49.966
49.973
49.954
49.972
49.987
49.982
49.960
50.014
49.957
49.981
49.982
50.001
50.006
49.987
49.978
49.962
49.992
49.972
49.986
49.962
49.978
49.956
49.963
50.009
49.972
49.963
49.965
49.999
49.965
49.987
49.994
49.973
49.999
49.970
50.000
49.960
49.961
49.956
49.956
49.954
49.956
49.966
49.957
49.952
49.976
49.959
49.964
49.951
49.952
49.960
49.991
49.980
49.971
49.958
49.966
49.960
49.971
49.949
49.978
49.987
49.997
50.008
49.969
49.964
49.995
49.960
49.956
49.953
49.961
49.952
49.974
49.983
49.975
49.990
49.975
49.976
49.962
49.990
49.966
49.962
49.977
49.955
49.968
49.965
50.008
49.984
49.966
49.960
49.952
49.980
49.958
49.986
49.983
49.984
49.961
49.951
49.978
49.971
49.960
49.954
49.965
49.969
49.975
49.965
49.954
49.965
49.975
49.969
49.996
49.986
49.966
49.981
49.988
49.986
49.999
49.966
49.973
49.980
49.953
49.961
49.960
49.976
49.993
49.999
49.992
50.005
50.005
49.989
49.977
49.971
49.975
49.973
49.951
49.956
49.968
49.972
49.973
50.002
49.967
49.981
49.974
49.964
49.966
49.959
49.967
49.983
49.965
49.967
49.958
49.965
49.954
49.984
49.982
49.961
49.978
49.989
49.955
49.980
49.989
49.990
49.992
50.024
49.970
49.988
49.963
49.986
49.982
49.970
49.986
49.964
49.973
49.973
49.996
49.970
49.977
49.989
50.000
50.030
49.989
49.993
49.991
49.985
49.976
49.989
49.992
50.015
50.007
49.996
49.982
49.986
49.988
49.991
49.978
49.989
49.994
49.976
49.982
50.004
49.962
49.952
49.971
49.961
49.956
49.956
49.967
49.975
49.977
50.000
49.982
50.001
50.010
49.967
49.967
49.971
49.955
49.975
49.964
49.995
49.995
49.979
49.987
49.967
49.968
49.971
50.001
49.992
49.960
49.977
49.990
50.004
49.980
49.955
49.959
49.965
49.960
49.951
50.005
49.967
49.951
49.959
