49.988
49.966
49.955
49.969
49.948
49.974
49.950
49.960
49.963
49.951
49.955
49.952
49.967
49.946
49.945
49.948
49.959
49.950
49.949
49.981
49.941
49.962
49.947
49.986
49.959
49.964
49.954
49.951
49.976
49.988
49.960
49.977
49.945
49.956
49.953
49.973
49.988
49.946
49.956
49.960
49.958
49.954
49.955
49.958
49.965
49.992
49.992
49.976
49.956
49.947
49.952
49.956
49.962
49.982
49.964
49.963
49.965
49.951
49.960
49.997
49.949
49.952
50.021
49.967
49.974
49.996
49.979
49.983
49.965
49.978
49.962
50.000
49.976
49.957
49.981
49.965
49.987
49.979
49.958
49.975
49.981
49.953
49.968
49.967
49.988
49.975
49.994
49.971
49.981
49.984
49.973
50.000
49.999
49.987
49.968
49.991
49.981
49.961
49.955
49.972
49.978
49.959
49.977
49.953
49.965
49.961
49.966
49.978
49.963
49.959
49.964
49.964
49.951
49.947
49.957
49.958
49.953
49.981
49.957
49.994
49.946
49.950
49.971
49.975
49.979
49.962
49.996
49.990
49.964
49.987
49.956
49.987
49.970
49.978
49.948
50.018
49.982
49.972
49.997
49.998
49.971
49.991
49.981
50.044
49.992
49.961
50.013
49.951
49.956
49.960
49.974
49.961
49.978
49.979
49.994
49.981
49.978
49.949
49.979
49.955
49.957
49.961
49.961
49.962
49.980
49.991
50.027
50.009
49.981
49.997
49.961
49.995
49.991
49.967
49.979
49.971
49.985
49.988
49.962
49.978
50.013
49.970
49.960
49.951
49.992
50.002
49.971
49.988
49.969
49.966
49.963
49.984
49.954
49.999
49.988
49.995
49.976
49.969
49.956
49.974
49.962
49.977
49.965
49.960
49.966
49.973
49.980
50.002
49.961
49.985
49.985
49.971
50.004
49.962
49.951
49.971
49.993
50.015
49.967
49.955
49.972
50.005
49.968
49.951
49.959
49.954
49.970
49.990
49.994
49.978
49.980
49.957
49.970
49.965
49.968
49.956
49.971
49.979
49.960
49.980
49.982
49.952
49.960
50.037
49.973
50.007
49.968
50.010
50.014
49.976
49.950
50.033
49.980
49.960
49.975
49.972
49.975
49.986
49.980
49.972
49.963
49.981
49.963
49.980
49.963
49.954
49.957
50.036
49.989
49.978
50.012
49.944
49.972
49.957
49.971
49.965
49.999
49.968
49.976
50.010
49.967
49.974
49.959
49.981
49.961
49.993
49.964
49.981
49.983
49.978
49.973
49.977
49.963
49.953
49.976
49.964
49.974
49.961
49.967
50.043
49.968
49.995
49.967
49.967
49.970
49.951
49.977
49.954
49.958
49.986
50.005
49.978
49.962
49.980
49.988
49.970
49.994
49.997
49.972
50.012
49.971
49.965
49.958
49.983
49.980
49.956
49.984
49.969
49.974
49.963
50.011
50.014
49.969
49.997
49.996
50.000
49.980
49.978
49.970
49.974
49.972
49.990
49.992
50.006
49.976
49.982
49.970
49.996
49.957
49.982
49.975
49.975
49.981
49.965
49.987
49.967
49.975
49.988
50.002
49.979
49.996
49.972
49.972
50.005
49.991
49.999
49.989
49.975
49.963
49.970
49.996
50.018
50.008
49.995
49.970
49.981
49.962
49.982
49.996
49.955
49.982
49.967
49.983
49.994
49.958
49.944
49.972
49.959
49.956
49.977
49.964
49.991
49.975
49.978
49.971
49.993
49.984
49.948
49.976
49.953
49.989
49.958
49.998
49.986
50.007
49.988
49.985
49.989
49.963
49.976
49.945
49.964
49.972
49.958
49.974
49.972
49.978
49.976
49.964
49.993
49.993
49.975
49.971
49.972
49.973
49.965
49.979
49.989
49.964
49.987
49.974
50.021
49.966
49.974
49.989
50.013
50.013
49.993
49.988
49.967
49.974
49.972
49.974
49.972
49.978
49.982
49.990
49.975
49.962
50.020
49.991
49.964
50.001
49.950
49.966
49.958
49.979
49.981
50.000
49.981
49.957
50.013
49.993
49.970
49.984
49.979
49.985
50.042
49.988
49.997
49.972
49.988
49.965
49.965
49.964
49.974
49.991
49.964
49.977
49.984
49.981
49.992
49.985
49.965
49.997
49.975
49.990
49.971
49.983
49.964
49.971
49.987
49.959
49.982
49.983
49.960
49.982
49.986
50.050
50.016
49.976
49.988
50.012
50.044
50.010
49.955
49.964
49.972
49.963
49.994
49.994
49.957
49.973
49.984
49.996
50.013
49.980
49.989
49.962
49.962
49.955
49.997
49.996
50.001
50.006
49.947
49.952
49.959
49.955
50.011
50.011
49.995
50.011
49.978
49.964
49.996
49.963
49.980
49.947
49.984
49.995
49.967
49.996
49.989
49.961
49.995
49.956
49.983
49.963
49.987
49.960
49.985
49.948
49.990
49.995
49.984
49.958
50.014
49.966
49.984
49.986
49.974
49.994
49.981
49.981
50.005
49.959
49.967
49.953
49.959
49.996
49.974
49.967
49.967
49.981
49.990
49.965
49.971
49.982
50.001
49.979
49.978
49.972
50.018
49.974
49.985
49.967
50.001
49.968
49.970
49.948
49.949
50.001
49.968
49.992
49.973
49.978
49.959
49.973
50.003
49.960
49.964
49.999
50.004
49.976
49.991
49.974
49.992
49.961
49.979
49.980
49.985
49.970
49.965
49.971
49.953
49.973
49.963
49.970
49.973
49.966
49.964
50.000
50.033
49.976
49.999
49.986
49.974
49.996
49.998
49.966
49.986
49.983
49.977
49.969
50.024
49.959
49.977
49.966
49.958
49.974
49.969
49.966
49.983
49.972
49.967
49.953
49.977
49.984
49.977
50.002
49.987
49.981
49.981
49.986
49.992
50.010
50.002
49.995
50.020
50.012
49.981
50.000
49.979
49.993
49.981
49.986
49.983
49.987
49.967
49.987
50.013
49.979
49.977
49.949
49.976
49.993
49.983
49.980
49.996
49.992
50.002
50.000
49.981
49.965
49.985
49.984
49.992
49.964
49.973
49.980
49.974
49.997
49.979
49.967
50.005
50.001
49.973
49.976
49.966
49.982
49.990
49.984
49.955
49.961
50.015
49.994
49.997
49.982
50.031
49.956
49.965
49.985
49.960
49.993
49.976
49.973
50.009
49.981
49.990
49.969
49.960
49.978
50.016
50.002
49.970
49.954
49.974
49.959
49.971
49.976
50.003
49.949
49.964
49.979
49.971
49.987
49.974
49.987
49.967
49.983
49.975
49.981
49.977
49.969
49.992
49.978
49.968
50.001
49.955
49.997
49.988
49.988
49.977
49.985
50.018
49.967
49.965
49.964
49.997
49.997
50.012
49.976
49.997
49.969
49.980
49.952
49.995
49.960
49.980
49.979
49.965
49.976
49.966
49.959
50.036
49.994
49.995
49.997
50.004
50.007
49.983
49.987
50.005
50.000
50.023
49.957
49.961
50.012
50.000
49.959
49.988
49.997
49.986
50.010
50.014
49.975
49.985
50.004
50.045
49.971
50.006
49.997
50.066
49.980
49.976
49.971
49.981
49.958
49.970
50.014
50.007
49.990
49.988
49.996
50.069
50.007
49.990
50.045
49.992
49.988
49.996
49.981
49.981
50.000
50.006
49.988
50.007
49.973
49.965
49.984
49.996
49.984
49.990
50.006
49.993
50.008
49.984
49.983
50.029
50.035
50.016
50.031
50.026
50.066
49.987
50.009
50.000
49.999
50.005
49.993
49.990
49.990
49.999
49.982
49.991
49.994
49.993
49.986
50.023
50.002
49.998
49.973
50.010
49.994
49.995
49.991
49.992
50.026
50.011
49.997
50.016
49.979
50.047
49.994
49.992
49.999
49.990
49.981
49.989
50.017
49.991
50.032
50.016
49.972
49.985
49.997
49.989
49.993
50.018
49.990
49.996
49.992
50.004
50.004
49.992
49.997
50.001
49.986
49.989
50.013
50.012
50.056
49.994
50.021
50.031
50.067
49.967
49.996
49.979
49.994
49.961
49.992
49.978
49.989
50.008
49.976
49.989
50.000
50.007
50.029
50.007
50.000
49.996
49.998
50.031
49.990
49.980
50.009
49.970
49.997
49.987
49.989
49.999
50.009
49.988
49.974
50.024
49.986
50.010
50.035
50.024
50.027
49.970
49.996
49.998
49.996
50.017
49.994
49.995
50.032
49.981
49.985
49.999
49.982
49.997
49.982
49.994
49.993
50.012
50.035
50.015
50.017
50.028
50.010
49.970
49.975
50.005
49.982
50.020
50.000
50.021
49.976
49.993
49.988
49.993
49.978
49.984
49.999
50.024
50.004
49.994
49.998
50.004
49.972
49.982
49.987
49.994
49.992
50.002
49.970
49.993
50.008
50.003
49.987
50.084
49.988
49.995
50.032
50.017
