49.984
49.971
49.972
49.948
49.950
49.943
49.972
49.950
49.979
49.978
50.118
49.964
49.969
49.948
49.968
49.946
49.947
49.963
49.967
49.960
49.968
49.951
49.978
49.960
49.940
49.949
49.960
49.960
49.956
49.984
49.951
49.964
49.950
49.962
49.945
49.958
49.954
49.947
49.948
49.966
49.957
49.971
49.971
49.991
49.949
49.970
49.964
49.968
49.958
49.960
50.025
49.985
49.972
49.954
49.952
49.949
49.951
49.952
49.970
49.989
49.976
49.957
49.993
49.952
49.949
49.951
49.951
49.956
49.971
49.966
49.955
50.022
49.999
49.993
49.997
49.952
49.982
49.971
49.975
49.979
49.983
49.967
49.953
49.984
49.957
49.963
49.980
49.953
49.999
49.987
49.955
50.000
49.962
49.957
49.959
49.974
49.955
49.970
49.951
49.990
49.959
49.960
49.955
49.953
49.972
49.992
49.964
49.972
49.986
49.963
49.979
50.084
49.982
49.959
49.960
49.954
49.953
49.951
49.970
49.978
49.966
49.959
49.957
49.952
49.989
49.985
49.951
49.949
50.007
49.967
49.951
49.994
49.964
49.964
49.962
49.981
49.988
49.981
49.959
49.962
49.953
49.963
49.958
49.979
49.946
49.962
49.954
49.962
49.985
49.958
49.977
49.960
49.970
49.983
49.958
49.989
49.969
49.971
49.966
49.969
50.006
49.973
49.975
49.992
49.984
49.967
49.978
49.983
49.992
49.980
49.970
49.994
49.951
49.956
49.970
49.951
49.953
49.950
49.957
49.967
49.947
49.965
49.954
49.955
49.964
49.950
49.950
49.959
49.956
49.961
49.991
49.988
49.963
49.957
49.955
49.976
49.968
49.950
50.002
50.000
49.961
49.973
49.965
49.980
49.962
49.948
49.947
49.969
49.970
49.969
49.950
49.969
49.952
49.998
49.974
49.969
49.951
49.950
49.950
49.955
49.945
49.953
50.000
50.008
49.956
49.949
49.957
49.959
49.961
49.982
49.989
49.963
49.959
49.962
49.968
49.970
49.954
49.956
49.967
49.997
49.967
49.969
49.959
49.961
49.969
49.964
49.958
49.967
49.959
49.952
49.977
49.976
49.955
49.967
49.952
49.957
49.962
49.946
49.955
49.958
49.968
49.970
50.001
49.986
49.966
49.951
49.955
49.964
49.959
49.966
49.951
49.956
49.963
49.958
49.958
49.970
49.955
49.963
49.965
49.950
49.962
49.954
49.955
49.961
49.949
49.965
49.954
49.971
49.971
49.951
49.957
49.975
49.961
49.953
49.967
49.949
49.956
49.954
49.951
49.983
49.952
49.958
49.966
49.956
49.994
49.962
49.993
49.983
49.957
49.973
49.953
49.977
49.984
49.974
49.984
50.029
49.983
49.984
49.990
49.992
49.971
49.953
49.963
49.989
50.022
50.015
49.967
50.012
49.968
49.967
49.956
49.961
49.969
49.967
49.953
49.969
49.951
49.948
49.954
49.951
49.950
49.948
49.962
49.954
49.950
50.002
49.977
49.981
49.973
49.949
49.966
49.957
49.960
49.955
49.984
49.986
49.972
49.993
49.958
49.990
49.977
49.983
49.972
49.978
49.972
49.965
49.970
49.961
49.961
49.958
49.974
49.983
49.956
49.961
49.960
49.966
49.957
49.952
49.960
49.965
49.966
49.958
49.959
49.974
49.948
49.993
49.975
49.986
49.957
49.993
49.960
49.984
49.978
49.962
50.018
49.990
49.948
49.974
50.024
49.966
49.954
49.953
49.963
49.954
49.965
49.955
50.019
50.010
49.961
49.969
49.974
49.961
49.970
49.960
49.958
49.977
49.966
49.986
49.991
49.978
49.968
49.961
49.971
49.951
49.990
49.960
49.996
49.961
49.962
49.975
49.950
49.964
49.960
49.948
49.961
49.948
49.958
49.949
49.975
49.962
49.963
49.950
49.954
50.015
49.967
49.962
49.973
49.966
49.984
49.994
49.961
49.961
49.971
49.963
49.953
49.961
49.953
49.953
49.950
49.964
49.957
49.953
49.967
49.965
49.956
49.953
50.003
49.976
50.002
49.962
49.959
49.959
49.964
49.955
49.953
49.953
49.948
49.968
49.969
49.992
49.982
49.974
49.956
49.964
49.969
49.955
49.999
50.004
49.968
49.972
50.008
49.967
49.971
49.955
49.965
49.969
49.969
49.975
49.955
49.959
49.967
50.020
49.967
49.984
49.986
50.030
49.984
49.952
49.974
50.024
49.971
49.968
49.966
49.951
49.952
49.967
49.972
49.962
49.965
49.968
49.963
49.951
49.974
49.977
49.965
49.955
49.975
49.982
49.980
50.006
49.975
49.965
49.956
49.956
49.989
49.952
49.990
49.993
49.947
49.978
49.948
49.957
49.959
49.954
49.951
49.978
50.022
49.966
49.974
49.966
49.971
49.975
49.959
49.964
50.005
49.953
49.967
49.973
49.959
49.980
49.981
49.953
49.969
49.986
49.969
49.952
49.984
49.959
49.952
49.967
49.957
49.949
49.961
49.985
49.995
49.977
49.960
49.957
49.979
49.964
49.964
49.962
49.950
49.958
49.988
49.969
49.972
50.001
49.982
49.978
50.003
49.950
49.954
49.959
49.978
49.961
49.954
49.972
49.985
50.017
49.973
49.960
49.945
49.979
49.974
49.955
49.975
49.966
49.968
49.969
49.949
49.982
49.960
49.953
49.950
49.976
49.965
49.954
49.950
49.956
49.961
49.981
49.964
49.969
49.957
49.961
49.959
49.967
49.951
49.952
49.965
49.954
49.949
49.951
49.948
49.981
49.996
50.001
49.953
49.977
49.962
49.984
49.954
49.967
49.960
49.963
49.982
49.969
49.956
49.956
49.965
49.969
49.971
49.958
49.951
49.975
49.974
49.951
49.955
49.971
49.970
49.957
50.010
49.952
49.962
49.976
49.960
49.988
50.003
49.961
49.984
49.980
49.954
49.964
49.955
49.951
49.964
49.971
49.963
49.953
49.956
49.982
49.974
50.033
49.986
49.973
49.996
49.955
49.968
49.947
49.954
49.972
49.997
50.000
49.972
49.974
49.975
49.955
49.986
49.987
49.958
49.970
49.989
49.975
49.964
49.986
49.972
49.997
49.969
49.951
49.951
49.964
49.955
49.954
49.952
49.959
49.971
49.947
49.964
49.986
49.957
49.959
49.959
49.969
49.966
49.983
49.962
49.985
49.970
49.995
49.990
50.009
49.996
49.972
49.960
49.953
49.962
49.969
49.959
49.965
49.958
49.959
49.958
49.975
49.937
49.973
49.981
49.962
49.934
49.952
49.968
49.963
49.977
49.960
49.960
49.986
49.972
49.961
49.951
49.959
49.969
49.988
50.003
49.957
49.956
49.957
49.974
49.983
49.948
49.958
49.961
49.973
49.958
49.963
49.960
49.949
49.950
49.962
49.958
49.967
49.970
49.957
49.969
49.967
49.986
49.976
49.954
49.961
49.973
49.956
49.949
49.971
49.983
49.996
49.948
49.969
49.965
49.965
49.960
49.960
49.959
49.959
49.968
49.965
49.963
49.966
49.965
49.961
49.969
49.947
49.955
50.017
49.962
49.967
49.957
49.975
49.963
49.952
49.950
49.947
49.971
49.953
49.968
49.994
50.002
49.981
49.963
49.989
49.995
49.958
49.993
49.961
49.959
49.963
49.963
50.068
49.965
49.960
49.962
49.968
49.959
49.961
49.990
49.972
49.963
50.020
49.970
49.961
49.959
49.949
49.964
49.968
49.959
49.952
49.990
49.987
49.992
49.957
49.964
49.961
49.959
49.950
49.946
49.971
49.967
49.952
49.952
49.970
49.955
49.959
49.975
49.968
49.951
49.964
49.984
49.983
49.972
49.998
49.955
49.958
49.949
49.959
49.963
49.961
49.967
49.953
49.981
50.004
49.955
49.968
49.959
49.980
49.965
49.955
49.959
49.992
49.969
49.961
50.009
49.964
49.966
49.961
49.962
49.959
49.980
49.963
49.962
49.960
49.950
49.948
49.947
49.958
49.952
49.947
49.945
49.973
49.961
49.975
49.983
49.960
49.966
49.990
49.972
49.974
49.975
49.976
49.970
49.972
49.974
49.975
49.968
49.974
49.978
49.983
49.966
49.978
49.971
49.971
49.950
49.960
49.964
49.967
49.950
49.971
49.967
49.952
49.989
49.994
49.983
49.978
49.975
49.983
49.966
49.985
49.957
49.973
49.987
49.984
49.952
49.973
49.952
49.973
49.961
49.961
49.976
49.973
49.950
49.965
49.959
49.953
49.976
49.971
49.959
49.959
49.962
49.952
49.963
50.011
49.975
50.011
49.997
50.005
49.966
50.017
49.972
49.962
49.960
49.969
49.958
49.958
49.963
49.958
49.955
49.964
49.969
49.991
49.963
49.976
49.949
49.951
