0.030
0.025
0.011
0.011
0.010
0.011
0.011
0.011
0.012
0.011
0.011
0.011
0.011
0.011
0.011
0.014
0.011
0.010
0.011
0.010
0.009
0.011
0.010
0.010
0.011
0.011
0.011
0.011
0.011
0.011
0.011
0.018
0.011
0.010
0.011
0.011
0.010
0.011
0.011
0.011
0.009
0.011
0.010
0.010
0.012
0.011
0.011
0.013
0.011
0.012
0.009
0.010
0.011
0.010
0.011
0.011
0.010
0.012
0.009
0.011
0.011
0.010
0.036
0.022
0.010
0.009
0.011
0.010
0.010
0.010
0.010
0.009
0.011
0.010
0.011
0.010
0.012
0.011
0.010
0.012
0.010
0.011
0.010
0.011
0.010
0.011
0.011
0.011
0.010
0.011
0.011
0.010
0.011
0.011
0.011
0.017
0.010
0.010
0.009
0.010
