0.036
0.037
0.035
0.037
0.037
0.037
0.036
0.034
0.036
0.033
0.034
0.034
0.035
0.035
0.035
0.036
0.043
0.045
0.040
0.039
0.035
0.035
0.036
0.036
0.036
0.033
0.035
0.040
0.044
0.035
0.036
0.036
0.035
0.037
0.030
0.034
0.036
0.036
0.035
0.034
0.033
0.036
0.036
0.037
0.046
0.041
0.036
0.028
0.030
0.013
0.017
0.047
0.046
0.035
0.035
0.032
0.039
0.035
0.034
0.035
0.031
0.033
0.031
0.030
0.020
0.022
0.017
0.037
0.035
0.035
0.055
0.029
0.035
0.034
0.035
0.034
0.035
0.035
0.028
0.024
0.016
0.014
0.020
0.014
0.014
0.014
0.014
0.014
0.035
0.033
0.015
0.015
0.015
0.015
0.043
0.041
0.041
0.043
0.045
0.044
