0.060
0.043
0.044
0.047
0.040
0.046
0.046
0.056
0.048
0.042
0.047
0.051
0.050
0.051
0.052
0.052
0.049
0.058
0.053
0.049
0.053
0.048
0.051
0.052
0.049
0.051
0.051
0.052
0.052
0.047
0.049
0.052
0.048
0.053
0.051
0.048
0.043
0.046
0.048
0.047
0.048
0.051
0.050
0.046
0.046
0.054
0.051
0.052
0.044
0.059
0.048
0.047
0.046
0.050
0.047
0.050
0.053
0.050
0.055
0.051
0.051
0.052
0.050
0.064
0.057
0.044
0.046
0.043
0.035
0.027
0.091
0.054
0.050
0.049
0.051
0.036
0.039
0.047
0.041
0.060
0.085
0.061
0.048
0.051
0.050
0.053
0.052
0.053
0.052
0.055
0.057
0.053
0.053
0.059
0.048
0.056
0.052
0.049
0.047
0.051
