0.072
0.050
0.030
0.043
0.042
0.042
0.042
0.042
0.042
0.043
0.042
0.082
0.083
0.082
0.042
0.082
0.092
0.082
0.042
0.042
0.042
0.042
0.042
0.041
0.043
0.042
0.043
0.083
0.082
0.082
0.082
0.089
0.042
0.042
0.033
0.035
0.044
0.042
0.042
0.078
0.043
0.041
0.200
0.043
0.044
0.043
0.043
0.041
0.081
0.082
0.082
0.088
0.199
0.043
0.042
0.042
0.095
0.090
0.084
0.083
0.083
0.082
0.083
0.088
0.088
0.053
0.093
0.052
0.060
0.054
0.058
0.052
0.054
0.056
0.058
0.042
0.049
0.047
0.046
0.040
0.041
0.051
0.045
0.041
0.047
0.040
0.039
0.050
0.046
0.040
0.056
0.049
0.046
0.051
0.046
0.060
0.050
0.048
0.041
0.048
