0.043
0.025
0.020
0.020
0.020
0.020
0.023
0.020
0.030
0.036
0.034
0.029
0.034
0.033
0.030
0.031
0.028
0.028
0.028
0.027
0.027
0.029
0.028
0.029
0.029
0.032
0.030
0.034
0.035
0.030
0.026
0.026
0.026
0.027
0.026
0.027
0.026
0.026
0.027
0.027
0.031
0.030
0.030
0.031
0.026
0.031
0.029
0.033
0.030
0.028
0.027
0.030
0.029
0.029
0.031
0.028
0.029
0.034
0.034
0.031
0.031
0.026
0.028
0.028
0.027
0.021
0.019
0.020
0.021
0.020
0.023
0.031
0.023
0.034
0.031
0.022
0.020
0.040
0.025
0.032
0.028
0.028
0.025
0.027
0.029
0.034
0.034
0.028
0.033
0.034
0.029
0.025
0.034
0.031
0.028
0.034
0.031
0.031
0.030
0.028
0.027
0.027
0.028
0.032
0.034
0.030
0.028
0.028
0.027
0.027
0.029
0.028
0.029
0.025
0.027
0.031
0.029
0.028
0.027
0.033
0.033
0.032
0.032
0.028
0.031
0.026
0.026
0.028
0.030
0.027
0.026
0.028
0.028
0.029
0.034
0.033
0.031
0.029
0.029
0.027
0.026
0.029
0.027
0.027
0.036
0.034
0.029
0.028
0.029
0.032
0.034
0.030
0.030
0.030
0.029
0.029
0.032
0.030
0.032
0.029
0.029
0.029
0.030
0.034
0.032
0.033
0.034
0.031
0.027
0.032
0.032
0.028
0.029
0.030
0.030
0.023
0.020
0.027
0.024
0.026
0.032
0.033
0.028
0.026
0.026
0.026
0.027
0.026
0.028
0.028
0.031
0.025
0.028
0.025
0.024
0.024
0.028
0.026
0.028
0.029
0.028
0.035
0.033
0.028
0.027
0.028
0.027
0.026
0.031
0.027
0.028
0.034
0.034
0.031
0.031
0.030
0.028
0.027
0.033
0.032
0.031
0.021
0.025
0.026
0.027
0.029
0.028
0.030
0.027
0.029
0.028
0.030
0.032
0.034
0.031
0.031
0.028
0.031
0.033
0.031
0.033
0.030
0.031
0.030
0.031
0.028
0.027
0.031
0.031
0.030
0.028
0.027
0.032
0.026
0.034
0.028
0.029
0.030
0.029
0.030
0.029
0.029
0.028
0.029
0.028
0.027
0.031
0.031
0.028
0.029
0.028
0.029
0.026
0.032
0.029
0.028
0.029
0.032
0.041
0.035
0.030
0.029
0.029
0.031
0.033
0.031
0.027
0.022
0.034
0.031
0.022
0.021
0.028
0.029
0.029
0.028
0.021
0.020
0.020
0.020
0.020
0.020
0.030
0.028
0.031
0.028
0.032
0.030
0.028
0.028
0.028
0.028
0.030
0.028
0.033
0.032
0.037
0.030
0.030
0.031
0.027
0.030
0.031
0.029
0.030
0.027
0.026
0.022
0.026
0.030
0.030
0.032
0.029
0.030
0.032
0.032
0.032
0.033
0.020
0.021
0.020
0.020
0.020
0.020
0.020
0.020
0.035
0.033
0.024
0.021
0.032
0.030
0.030
0.028
0.031
0.029
0.028
0.027
0.029
0.030
0.029
0.028
0.031
0.031
0.032
0.031
0.028
0.029
0.028
0.030
0.030
0.028
0.028
0.029
0.029
0.029
0.028
0.028
0.028
0.028
0.035
0.032
0.027
0.028
0.028
0.033
0.029
0.031
0.030
0.028
0.027
0.029
0.031
0.031
0.028
0.027
0.033
0.029
0.030
0.031
0.027
0.031
0.029
0.032
0.027
0.030
0.026
0.024
0.029
0.028
0.032
0.031
0.033
0.034
0.033
0.020
0.020
0.020
0.020
0.021
0.019
0.021
0.022
0.020
0.020
0.019
0.031
0.029
0.028
0.030
0.029
0.031
0.034
0.036
0.032
0.030
0.029
0.031
0.030
0.030
0.032
0.030
0.031
0.028
0.031
0.026
0.030
0.028
0.028
0.031
0.033
0.032
0.037
0.036
0.031
0.031
0.032
0.033
0.032
0.031
0.029
0.029
0.028
0.029
0.029
0.029
0.031
0.028
0.030
0.033
0.020
0.020
0.029
0.030
0.029
0.031
0.031
0.031
0.032
0.030
0.030
0.033
0.032
0.028
0.031
0.030
0.030
0.030
0.032
0.031
0.029
0.029
0.029
0.028
0.028
0.029
0.027
0.028
0.030
0.027
0.020
0.020
0.028
0.029
0.030
0.029
0.030
0.030
0.034
0.031
0.026
0.026
0.022
0.020
0.019
0.023
0.019
0.020
0.029
0.034
0.033
0.028
0.026
0.028
0.027
0.028
0.029
0.033
0.033
0.028
0.030
0.030
0.028
0.029
0.032
0.029
0.027
0.029
0.028
0.029
0.030
0.025
0.025
0.026
0.028
0.027
0.029
0.033
0.030
0.032
0.029
0.028
0.031
0.030
0.031
0.030
0.031
0.030
0.030
0.030
0.027
0.030
0.031
0.030
0.034
0.029
0.029
0.030
0.029
0.027
0.028
0.028
0.034
0.029
0.028
0.028
0.029
0.030
0.033
0.032
0.031
0.028
0.028
0.027
0.030
0.029
0.038
0.034
0.029
0.028
0.030
0.032
0.028
0.028
0.031
0.031
0.029
0.029
0.030
0.028
0.030
0.028
0.034
0.033
0.031
0.032
0.030
0.028
0.029
0.030
0.033
0.028
0.029
0.029
0.028
0.027
0.027
0.027
0.029
0.031
0.034
0.031
0.033
0.032
0.029
0.031
0.034
0.028
0.027
0.030
0.030
0.030
0.030
0.029
0.033
0.029
0.034
0.030
0.032
0.029
0.029
0.031
0.030
0.028
0.030
0.029
0.028
0.028
0.032
0.032
0.032
0.031
0.030
0.042
0.034
0.027
0.028
0.029
0.030
0.030
0.028
0.023
0.029
0.034
0.022
0.028
0.029
0.030
0.033
0.031
0.030
0.031
0.032
0.030
0.033
0.033
0.028
0.030
0.029
0.028
0.030
0.030
0.030
0.029
0.029
0.028
0.028
0.033
0.029
0.029
0.028
0.028
0.030
0.030
0.031
0.027
0.030
0.029
0.027
0.034
0.034
0.028
0.033
0.027
0.019
0.027
0.030
0.027
0.027
0.025
0.031
0.030
0.031
0.028
0.029
0.029
0.028
0.033
0.034
0.028
0.028
0.036
0.034
0.031
0.031
0.026
0.027
0.026
0.029
0.027
0.032
0.028
0.037
0.035
0.029
0.030
0.029
0.022
0.021
0.021
0.021
0.023
0.020
0.020
0.021
0.021
0.020
0.024
0.035
0.027
0.021
0.019
0.020
0.021
0.021
0.020
0.020
0.021
0.020
0.020
0.020
0.020
0.020
0.033
0.038
0.026
0.029
0.029
0.028
0.028
0.034
0.030
0.028
0.027
0.027
0.026
0.032
0.028
0.034
0.033
0.026
0.027
0.031
0.029
0.028
0.027
0.025
0.030
0.039
0.034
0.026
0.025
0.029
0.030
0.031
0.033
0.034
0.029
0.029
0.029
0.029
0.028
0.030
0.029
0.028
0.029
0.028
0.029
0.030
0.029
0.032
0.029
0.028
0.028
0.031
0.029
0.032
0.031
0.029
0.031
0.029
0.030
0.033
0.033
0.031
0.032
0.032
0.027
0.033
0.026
0.026
0.030
0.034
0.029
0.031
0.026
0.028
0.028
0.027
0.027
0.033
0.030
0.027
0.030
0.033
0.031
0.032
0.028
0.030
0.027
0.030
0.029
0.027
0.029
0.030
0.042
0.037
0.037
0.191
0.027
0.032
0.026
0.028
0.029
0.029
0.032
0.035
0.035
0.028
0.035
0.029
0.027
0.032
0.030
0.030
0.029
0.028
0.028
0.026
0.027
0.028
0.028
0.028
0.029
0.028
0.028
0.033
0.032
0.029
0.031
0.028
0.031
0.035
0.023
0.029
0.029
0.028
0.029
0.031
0.032
0.030
0.029
0.032
0.031
0.028
0.028
0.030
0.027
0.029
0.030
0.030
0.029
0.029
0.033
0.029
0.033
0.030
0.029
0.029
0.027
0.032
0.031
0.032
0.034
0.036
0.030
0.032
0.030
0.028
0.027
0.030
0.030
0.031
0.032
0.028
0.027
0.026
0.025
0.021
0.025
0.023
0.020
0.031
0.027
0.032
0.027
0.028
0.028
0.030
0.031
0.031
0.029
0.028
0.028
0.028
0.029
0.031
0.028
0.032
0.030
0.026
0.029
0.028
0.035
0.032
0.028
0.029
0.030
0.029
0.032
0.031
0.029
0.028
0.029
0.029
0.028
0.028
0.027
0.031
0.031
0.032
0.033
0.031
0.028
0.029
0.028
0.026
0.027
0.031
0.027
0.038
0.034
0.029
0.029
0.032
0.027
0.030
0.028
0.030
0.028
