0.061
0.049
0.039
0.038
0.081
0.079
0.081
0.038
0.037
0.045
0.039
0.106
0.037
0.037
0.032
0.030
0.030
0.030
0.030
0.030
0.031
0.030
0.032
0.029
0.029
0.038
0.046
0.038
0.075
0.050
0.032
0.031
0.030
0.030
0.029
0.031
0.030
0.029
0.029
0.030
0.029
0.029
0.028
0.029
0.029
0.030
0.030
0.030
0.030
0.030
0.030
0.030
0.027
0.030
0.029
0.030
0.030
0.051
0.035
0.028
0.031
0.030
0.029
0.030
0.031
0.031
0.029
0.058
0.055
0.050
0.030
0.029
0.027
0.028
0.029
0.028
0.028
0.028
0.029
0.029
0.029
0.029
0.031
0.028
0.028
0.029
0.030
0.029
0.028
0.031
0.035
0.031
0.030
0.031
0.031
0.031
0.031
0.030
0.031
0.030
0.029
0.029
0.030
0.030
0.029
0.029
0.029
0.029
0.029
0.029
0.029
0.030
0.030
0.030
0.030
0.030
0.030
0.030
0.030
0.031
0.030
0.076
0.044
0.037
0.039
0.038
0.038
0.038
0.037
0.077
0.080
0.040
0.038
0.038
0.221
0.198
0.038
0.037
0.037
0.037
0.036
0.037
0.038
0.024
0.038
0.037
0.030
0.031
0.030
0.029
0.030
0.030
0.032
0.041
0.034
0.036
0.029
0.031
0.030
0.030
0.036
0.026
0.027
0.030
0.026
0.028
0.030
0.029
0.030
0.030
0.029
0.029
0.031
0.063
0.028
0.027
0.030
0.030
0.029
0.030
0.030
0.030
0.048
0.029
0.034
0.032
0.035
0.029
0.029
0.030
0.031
0.030
0.052
0.031
0.030
0.030
0.030
0.031
0.030
0.030
0.030
0.031
0.045
0.037
0.038
0.030
0.030
0.030
0.030
0.035
0.195
0.038
0.301
0.037
0.038
0.199
0.037
0.034
0.044
0.037
0.036
0.038
0.038
0.038
0.079
0.107
0.038
0.038
0.038
0.038
0.038
0.039
0.038
0.038
0.038
0.038
0.038
0.038
0.076
0.163
0.197
0.028
0.037
0.038
0.037
0.038
0.037
0.038
0.038
0.038
0.045
0.037
0.041
0.038
0.077
0.077
0.074
0.040
0.037
0.059
0.038
0.072
0.039
0.039
0.039
0.039
0.038
0.037
0.038
0.069
0.060
0.025
0.025
0.027
0.027
0.025
0.039
0.038
0.038
0.039
0.038
0.078
0.045
0.038
0.161
0.038
0.030
0.031
0.029
0.031
0.030
0.030
0.031
0.044
0.029
0.031
0.030
0.032
0.030
0.030
0.030
0.029
0.031
0.030
0.031
0.030
0.030
0.029
0.029
0.029
0.029
0.030
0.030
0.029
0.031
0.027
0.031
0.030
0.029
0.029
0.030
0.030
0.031
0.029
0.030
0.030
0.031
0.043
0.031
0.030
0.029
0.029
0.029
0.028
0.061
0.030
0.049
0.025
0.030
0.031
0.029
0.030
0.031
0.027
0.029
0.080
0.044
0.037
0.036
0.039
0.080
0.037
0.039
0.074
0.038
0.038
0.038
0.029
0.036
0.037
0.037
0.072
0.039
0.038
0.039
0.079
0.038
0.036
0.037
0.097
0.037
0.036
0.027
0.038
0.038
0.038
0.072
0.037
0.044
0.037
0.038
0.038
0.038
0.038
0.037
0.037
0.037
0.038
0.038
0.038
0.038
0.038
0.038
0.037
0.061
0.037
0.078
0.038
0.037
0.038
0.037
0.092
0.038
0.190
0.204
0.055
0.040
0.039
0.036
0.275
0.043
0.038
0.037
0.034
0.077
0.036
0.033
0.192
0.195
0.242
0.241
0.038
0.034
0.039
0.072
0.220
0.035
0.035
0.038
0.036
0.035
0.038
0.059
0.038
0.031
0.041
0.035
0.033
0.036
0.027
0.036
0.038
0.081
0.036
0.037
0.037
0.037
0.037
0.073
0.080
0.036
0.039
0.038
0.090
0.039
0.174
0.038
0.037
0.036
0.084
0.038
0.056
0.037
0.082
0.028
0.077
0.038
0.037
0.037
0.037
0.039
0.048
0.042
0.038
0.043
0.037
0.036
0.039
0.038
0.037
0.038
0.081
0.038
0.037
0.037
0.038
0.080
0.081
0.036
0.024
0.283
0.038
0.038
0.037
0.039
0.039
0.039
0.031
0.040
0.039
0.038
0.038
0.040
0.039
0.038
0.027
0.046
0.038
0.039
0.039
0.038
0.039
0.037
0.038
0.028
0.039
0.038
0.039
0.077
0.074
0.039
0.038
0.038
0.037
0.029
0.038
0.038
0.038
0.027
0.036
0.034
0.027
0.031
0.034
0.031
0.039
0.035
0.079
0.134
0.097
0.036
0.039
0.038
0.037
0.034
0.036
0.039
0.039
0.027
0.038
0.191
0.197
0.035
0.032
0.035
0.033
0.038
0.034
0.035
0.038
0.035
0.040
0.035
0.039
0.025
0.190
0.321
0.038
0.034
0.027
0.044
0.036
0.033
0.037
0.033
0.034
0.039
0.038
0.062
0.056
0.175
0.279
0.193
0.199
0.037
0.035
0.038
0.039
0.033
0.034
0.073
0.038
0.034
0.039
0.039
0.035
0.040
0.070
0.035
0.034
0.035
0.038
0.043
0.034
0.038
0.056
0.036
0.033
0.039
0.034
0.035
0.040
0.222
0.195
0.088
0.039
0.034
0.033
0.040
0.034
0.036
0.035
0.038
0.038
0.035
0.032
0.025
0.036
0.038
0.039
0.039
0.035
0.038
0.044
0.042
0.033
0.038
0.034
0.034
0.039
0.033
0.039
0.030
0.201
4.00
0.060
0.045
0.030
0.040
0.032
0.034
0.033
0.080
0.039
0.034
0.033
0.038
0.098
0.036
0.033
0.038
0.034
0.033
0.038
0.034
0.026
0.041
0.038
0.034
0.033
0.038
0.034
0.036
0.033
0.202
0.188
0.038
0.039
0.034
0.038
0.037
0.033
0.033
0.033
0.038
0.035
0.032
0.037
0.034
0.080
0.202
0.037
0.035
0.033
0.037
0.035
0.034
0.035
0.043
0.033
0.037
0.039
0.028
0.035
0.034
0.193
0.033
0.202
0.039
0.034
0.034
0.074
0.072
0.034
0.039
0.038
0.036
0.032
0.038
0.034
0.037
0.190
0.038
0.035
0.039
0.037
0.039
0.031
0.034
0.043
0.046
0.033
0.038
0.035
0.034
0.022
0.193
0.170
0.329
0.038
0.041
0.034
0.033
0.038
0.033
0.027
0.038
0.034
0.034
0.034
0.037
3.00
0.050
0.026
0.037
0.037
0.036
0.036
0.035
0.035
0.036
0.027
0.042
0.034
0.041
0.034
0.033
0.192
0.276
0.040
0.035
0.033
0.034
0.034
0.035
0.038
0.036
0.038
2.00
0.053
0.025
0.027
0.076
0.037
0.038
0.081
0.038
0.077
0.061
0.044
0.035
0.033
0.034
0.098
0.042
0.037
0.038
0.035
0.040
0.216
0.199
0.077
0.034
0.035
0.033
0.032
0.034
0.034
0.033
0.033
0.035
0.035
0.035
0.034
0.123
0.034
0.038
0.081
0.036
0.033
0.033
0.034
0.039
0.034
0.034
0.034
0.042
0.035
0.035
0.182
0.034
0.071
0.034
0.032
0.035
0.034
0.039
0.035
0.037
0.034
0.034
0.034
0.033
0.034
0.071
0.036
0.047
0.037
0.028
0.036
0.034
0.034
0.034
0.035
0.034
0.038
0.036
0.081
0.042
0.034
0.035
0.036
0.033
0.032
0.036
0.038
0.033
0.033
0.034
0.034
0.036
0.037
0.036
0.040
0.038
0.036
0.078
0.081
0.077
0.089
0.037
0.027
0.037
0.036
0.036
0.035
0.036
0.037
0.036
0.077
0.040
0.037
0.202
0.035
0.035
0.033
0.039
0.033
0.034
0.022
0.033
0.033
0.035
0.036
0.033
0.034
0.035
0.035
0.034
0.034
0.035
0.034
0.037
0.061
0.061
0.023
0.025
0.024
0.028
0.034
0.033
0.034
0.046
0.029
0.036
0.081
0.039
0.038
0.036
0.028
0.036
0.036
0.074
0.037
0.037
0.028
0.036
0.038
0.038
0.172
0.039
0.038
0.035
0.038
0.039
0.034
0.035
0.037
0.035
0.035
0.037
0.037
0.035
0.090
0.043
0.035
0.034
0.039
0.038
0.038
0.038
0.038
0.033
0.032
0.039
0.037
0.036
0.038
0.026
0.039
0.036
0.037
0.036
0.036
0.038
0.035
0.037
0.037
0.037
0.036
0.077
0.068
0.057
0.025
0.024
0.031
0.045
0.029
0.079
0.040
0.026
0.038
0.038
0.039
0.035
0.037
0.035
0.033
0.038
0.034
