0.054
0.044
0.027
0.035
0.032
0.030
0.035
0.031
0.031
0.027
0.030
0.027
0.044
0.048
0.031
0.039
0.029
0.027
0.041
0.029
0.027
0.027
0.032
0.036
0.034
0.026
0.051
0.046
0.059
0.907
0.082
0.059
0.051
0.052
0.052
0.064
0.052
0.058
0.050
0.053
0.056
0.057
0.055
0.061
0.033
0.034
0.028
0.028
0.033
0.030
0.030
0.028
0.042
0.029
0.053
0.027
0.028
0.027
0.028
0.032
0.031
0.033
0.030
0.028
0.030
0.029
0.030
0.037
0.034
0.027
0.029
0.029
0.027
0.028
0.029
0.033
0.029
0.029
0.027
0.027
0.028
0.027
0.030
0.035
0.027
0.027
0.028
0.029
0.029
0.029
0.027
0.050
0.036
0.044
0.028
0.027
0.027
0.027
0.028
0.039
0.032
0.028
0.028
0.027
0.026
0.026
0.027
0.043
0.029
0.032
0.067
0.062
0.029
0.028
0.028
0.038
0.041
0.039
0.040
0.040
0.040
0.033
0.039
0.030
0.040
0.041
0.040
0.040
0.040
0.040
0.040
0.049
0.066
0.041
0.031
0.205
0.041
0.041
0.031
0.054
0.045
0.031
0.027
0.029
0.028
0.030
0.029
0.036
0.039
0.079
0.040
0.040
0.039
0.040
0.040
0.045
0.315
0.205
0.208
0.029
0.041
0.041
0.040
0.050
0.054
0.041
0.042
0.043
0.051
0.047
0.034
0.032
0.028
0.028
0.027
0.031
0.029
4.00
0.055
0.055
0.026
0.027
0.027
0.027
0.027
0.030
0.030
0.040
0.033
0.032
0.029
0.042
0.031
0.029
0.029
0.038
0.031
0.040
0.028
0.028
0.027
0.029
0.030
0.028
0.027
0.029
0.029
0.028
0.029
0.027
0.026
0.048
0.029
0.029
0.028
0.029
0.030
0.030
0.030
0.029
0.028
0.028
0.040
0.040
0.200
0.040
0.040
0.259
0.040
0.040
0.040
0.040
0.040
0.078
0.041
0.052
0.040
0.041
0.040
0.039
0.040
0.041
0.040
0.041
0.030
0.057
0.049
0.036
0.030
0.030
0.031
0.032
0.029
0.033
0.032
0.031
0.027
0.030
0.032
0.036
0.029
0.035
0.030
0.031
0.056
0.056
0.035
0.031
0.031
0.203
0.040
0.040
0.041
0.039
0.051
0.189
0.077
0.075
0.079
0.080
0.076
0.041
0.042
0.029
0.038
0.202
0.038
0.039
0.038
0.039
0.038
0.046
0.028
0.039
0.039
0.038
0.038
0.289
0.175
0.168
0.198
0.202
0.028
0.039
0.038
0.039
0.039
0.038
0.039
0.038
0.038
0.031
0.060
0.199
0.043
0.026
0.028
0.027
0.027
0.044
0.071
0.057
0.039
0.038
0.040
0.030
0.028
0.028
0.030
0.028
0.032
0.032
0.032
0.041
0.041
0.041
0.040
0.040
0.040
0.036
0.042
0.034
0.040
0.040
0.041
0.041
0.197
0.057
0.029
0.031
0.029
0.032
0.031
0.028
0.032
0.035
0.029
0.029
0.028
0.028
0.029
0.051
0.036
0.029
0.029
0.028
0.027
0.027
0.052
0.057
0.033
0.032
0.032
0.029
0.028
0.028
0.029
0.047
0.032
0.063
0.032
0.030
0.030
0.028
0.035
0.030
0.030
0.036
0.032
0.029
0.028
0.027
0.032
0.048
0.030
0.031
0.029
0.031
0.030
0.030
0.029
0.032
0.031
0.029
0.030
0.032
0.031
0.030
0.030
0.047
0.051
0.045
0.029
0.028
0.039
0.039
0.037
0.067
0.056
0.062
0.030
0.030
0.029
0.027
0.030
0.028
0.027
0.030
0.030
0.032
0.028
0.027
0.028
0.030
0.030
0.034
0.030
0.030
0.027
0.031
0.029
0.030
0.027
0.028
0.028
0.032
0.033
0.033
0.032
0.031
0.030
0.035
0.030
0.034
0.029
0.029
0.051
0.050
0.033
0.031
0.030
0.031
0.031
0.029
0.035
0.057
0.030
0.036
0.030
0.030
0.032
0.026
0.032
0.031
0.034
0.031
0.030
0.030
0.034
0.031
0.030
0.032
0.031
0.039
0.041
0.056
0.057
0.029
0.028
0.030
0.029
0.036
0.044
0.027
0.029
0.028
0.029
0.028
0.028
0.029
0.028
0.027
0.031
0.030
0.031
0.056
0.028
0.031
0.029
0.029
0.029
0.029
0.029
0.050
0.029
0.040
0.028
0.031
0.031
0.030
0.030
0.030
0.029
0.027
0.027
0.027
0.028
0.028
0.027
0.026
0.027
0.037
0.027
0.030
0.028
0.029
0.030
0.029
0.027
0.028
0.028
0.033
0.051
0.029
0.028
0.029
0.027
0.037
0.027
0.027
0.027
0.030
0.923
0.032
0.031
0.027
0.025
0.028
0.032
0.030
0.029
0.054
0.031
0.033
0.029
0.029
0.030
0.028
0.029
0.030
0.031
0.030
0.034
0.031
0.029
0.030
0.027
0.029
0.030
0.037
0.043
0.041
0.031
0.032
0.029
0.027
0.028
0.027
0.028
0.029
0.031
0.030
0.029
0.026
0.027
0.036
0.028
0.030
0.030
0.035
0.033
0.027
0.034
0.029
0.031
0.028
0.028
0.037
0.031
0.053
0.035
0.038
0.030
0.027
0.029
0.029
0.030
0.029
0.041
0.031
0.056
0.056
0.032
0.031
0.031
0.029
0.031
0.028
0.033
0.032
0.032
0.052
0.033
0.030
0.031
0.029
0.030
0.029
0.032
0.033
0.033
0.029
0.030
0.034
0.026
0.034
1.48
0.052
0.030
0.031
0.035
0.029
0.028
0.030
0.028
0.031
0.030
0.040
0.054
0.033
0.032
0.034
0.045
0.052
0.043
0.029
0.027
0.056
0.027
0.029
0.030
0.026
0.028
0.027
0.028
0.038
0.031
0.032
0.049
0.036
0.027
0.030
0.027
0.029
0.027
0.026
0.032
0.056
0.054
0.028
0.026
0.027
0.026
0.027
0.064
0.052
0.030
0.032
0.029
0.030
0.028
0.029
0.029
0.028
0.028
0.028
0.052
0.035
0.027
0.026
0.232
0.041
0.029
0.030
0.027
0.028
0.026
0.025
0.025
0.027
0.028
0.027
0.026
0.027
0.029
0.037
0.046
0.050
0.027
0.029
0.025
0.028
0.025
0.025
0.027
0.028
0.026
0.027
0.026
0.037
0.026
0.025
0.050
0.029
0.029
0.026
0.025
0.025
0.026
0.026
0.037
0.029
0.030
0.031
0.988
0.060
0.025
0.032
0.042
0.022
0.031
0.030
0.031
0.031
0.031
0.030
0.033
0.030
0.030
0.030
0.031
0.036
0.031
0.046
0.051
0.029
0.027
0.029
0.028
0.030
0.031
0.031
0.032
0.035
0.030
0.032
0.031
0.030
0.030
0.053
0.039
0.034
0.062
0.029
0.025
0.029
0.028
0.079
0.078
0.039
0.039
0.039
0.029
0.079
0.033
0.041
0.027
0.029
0.027
0.031
0.029
0.030
0.034
0.029
0.030
0.030
0.030
0.029
0.028
0.030
0.030
0.046
0.051
0.030
0.029
0.030
0.030
0.031
0.029
0.028
0.030
0.029
0.030
0.030
0.030
0.037
0.030
0.050
0.049
0.031
0.028
0.030
0.042
0.029
0.027
0.028
0.028
0.027
0.028
0.031
0.032
0.030
0.030
0.053
0.030
0.030
0.029
0.031
0.031
0.030
0.030
0.028
0.029
0.029
0.030
0.029
0.029
0.036
0.030
0.054
0.034
0.029
0.029
0.028
0.029
0.027
0.030
0.030
0.029
0.028
0.030
0.029
0.040
0.032
0.049
0.049
0.028
0.026
0.062
0.055
0.028
0.027
0.026
0.029
0.028
0.025
0.028
0.028
0.028
0.038
0.226
0.052
0.027
0.028
0.029
0.027
0.026
0.029
0.028
0.027
0.028
0.027
0.028
0.028
0.028
0.029
0.045
0.047
0.046
0.030
0.030
0.029
0.029
0.043
0.030
0.028
0.028
0.030
0.028
0.031
0.028
0.034
0.120
0.045
0.034
0.030
0.030
0.032
0.031
0.031
0.028
0.030
0.030
0.030
0.030
0.032
0.031
0.033
0.060
0.048
0.026
0.029
0.026
0.027
0.032
0.054
0.056
0.054
0.028
0.029
0.027
0.029
0.027
0.035
0.055
0.046
0.046
0.029
0.031
0.028
0.027
0.026
0.029
0.028
0.027
0.028
0.025
0.026
0.028
0.027
0.051
0.027
0.027
0.027
0.030
0.027
0.030
0.027
0.027
0.029
0.027
0.029
0.027
0.044
0.032
0.064
0.056
0.050
0.030
0.030
