0.117
0.060
0.029
0.030
0.030
0.031
0.033
0.029
0.030
0.030
0.030
0.029
0.030
0.032
0.028
0.028
0.027
0.030
0.028
0.029
0.025
0.035
0.027
0.027
0.026
0.029
0.028
0.026
0.026
0.026
0.025
0.025
0.032
0.026
0.026
0.032
0.582
0.037
0.036
0.032
0.038
0.034
0.032
0.034
0.042
0.040
0.042
0.034
0.041
0.041
0.040
0.041
0.038
0.041
0.041
0.042
0.041
0.040
0.041
0.042
0.040
0.040
0.291
0.040
0.039
0.033
0.032
0.031
0.066
0.037
0.030
0.031
0.031
0.033
0.033
0.031
0.028
0.028
0.030
0.033
0.034
0.030
0.031
0.029
0.031
0.029
0.029
0.031
0.029
0.031
0.028
0.030
0.035
0.031
0.031
0.034
0.037
0.035
0.031
0.030
0.036
0.032
0.035
0.030
0.033
0.032
0.041
0.032
0.031
0.031
0.066
0.100
0.031
0.033
0.028
0.063
0.034
0.032
0.047
2.00
0.060
0.048
0.050
0.043
0.032
0.033
0.037
1.00
0.097
0.394
0.060
0.058
0.040
0.028
0.042
0.055
0.060
0.052
0.038
0.054
0.027
0.057
0.058
0.055
0.035
0.026
0.049
0.028
0.053
0.030
0.032
0.056
0.053
0.030
0.056
0.059
0.055
0.027
0.048
0.048
0.037
0.054
0.058
0.055
0.035
0.028
0.047
0.030
0.054
0.970
0.058
0.041
0.063
0.071
0.062
0.076
0.062
0.055
0.063
0.064
0.061
0.064
0.064
0.066
0.064
0.066
0.066
0.060
0.053
0.041
0.030
0.027
0.039
0.033
0.033
0.047
0.061
0.050
0.032
0.033
0.064
0.030
0.067
0.030
0.028
0.033
0.064
0.062
0.037
0.030
0.033
0.029
0.028
0.030
0.032
0.031
0.031
0.030
0.033
0.078
0.031
0.032
0.032
0.073
0.037
0.029
0.028
0.028
0.032
0.033
0.033
0.037
0.030
0.033
0.032
0.060
0.059
0.038
0.042
0.042
0.049
0.052
0.032
0.028
0.030
0.032
0.032
0.039
0.032
0.031
0.031
0.030
0.030
0.028
0.031
0.047
0.041
0.030
0.032
0.030
0.032
0.029
0.028
0.032
0.040
0.041
0.041
0.043
0.042
4.01
0.067
0.063
0.044
0.044
0.039
0.041
0.040
0.035
0.035
0.033
0.034
0.033
0.034
0.036
0.036
0.036
0.040
0.036
0.043
0.038
0.037
0.033
0.033
0.038
0.033
0.044
0.038
0.035
0.034
0.035
0.033
0.075
0.077
0.034
0.034
0.033
0.030
0.032
0.064
0.060
0.047
0.050
0.048
0.038
0.040
0.038
0.044
0.036
0.056
0.039
0.042
0.038
0.038
0.037
0.040
0.034
0.035
0.040
0.043
0.039
0.037
0.044
0.063
0.064
0.070
0.061
0.032
0.063
0.055
0.054
0.052
0.049
0.051
2.00
0.062
0.039
0.034
0.031
0.031
0.031
0.042
0.043
0.050
0.034
0.042
0.041
0.034
0.032
0.031
0.033
0.032
0.031
0.042
0.030
0.031
0.031
0.033
0.029
0.031
0.032
0.042
0.041
0.033
0.028
0.028
0.071
0.027
0.026
0.026
0.026
0.028
0.027
0.038
0.028
0.033
0.027
0.065
0.027
0.026
0.027
0.061
0.057
0.052
0.027
0.062
0.058
0.028
0.027
0.027
0.060
0.058
0.066
0.056
0.062
0.055
0.026
0.065
0.045
0.035
0.026
0.026
0.030
0.028
0.025
0.027
0.027
0.033
0.029
0.028
0.031
0.028
0.027
0.026
0.027
0.031
0.030
0.054
0.058
0.055
0.057
0.057
0.064
0.062
0.060
0.057
0.038
0.062
0.059
0.036
0.035
0.033
0.033
0.057
0.067
0.056
0.037
0.034
0.055
0.044
0.046
0.034
0.034
0.032
0.032
0.033
0.030
0.031
0.390
0.050
0.039
0.038
0.036
0.037
0.046
0.041
0.040
0.042
0.031
0.036
0.031
0.032
0.035
0.034
0.055
0.041
0.034
0.031
0.037
0.034
0.031
0.067
0.056
0.064
0.029
0.031
0.032
0.029
0.031
0.040
0.058
0.035
0.035
0.032
0.031
0.032
0.060
0.034
0.033
0.035
0.032
0.041
0.033
0.032
0.038
0.061
0.038
0.035
0.038
0.033
0.034
4.00
0.063
0.037
0.030
0.030
0.029
0.030
0.032
0.031
0.047
0.057
0.035
0.033
0.033
0.030
0.028
0.032
0.029
0.030
0.032
0.032
0.032
0.029
0.032
0.031
0.034
0.031
0.028
0.029
0.030
0.038
0.032
0.032
0.062
0.046
0.031
0.032
0.030
0.031
0.030
0.030
0.032
0.030
0.043
0.044
0.044
0.043
0.042
0.042
0.185
0.042
0.043
0.043
0.035
0.043
0.044
0.043
0.195
0.207
0.043
0.042
0.042
0.042
0.043
0.042
0.030
0.052
0.068
0.063
0.032
0.033
0.036
0.042
0.035
0.034
0.029
0.032
0.032
0.030
0.031
0.033
0.030
0.059
0.050
0.040
0.031
0.053
0.054
0.029
0.031
0.032
0.029
0.030
0.032
0.045
0.033
0.032
0.028
0.036
0.031
0.030
0.029
0.030
0.031
0.032
0.034
0.035
0.031
0.032
0.031
0.032
0.035
0.033
0.033
0.031
0.043
0.202
0.030
0.043
0.041
0.042
0.044
0.042
0.204
0.041
0.042
0.041
0.041
0.042
0.041
0.072
0.042
0.043
0.093
2.97
0.072
0.062
0.034
0.032
0.036
0.033
0.037
0.035
0.035
0.032
0.029
0.032
0.032
0.030
0.038
0.041
0.044
0.036
0.036
0.041
0.035
0.039
0.037
0.038
0.034
0.049
0.046
0.047
0.050
0.043
0.041
0.042
0.050
0.038
0.040
0.043
0.045
0.040
0.036
0.039
0.036
0.034
0.039
0.076
0.032
0.042
0.034
0.032
0.035
0.031
0.030
0.029
0.034
0.035
0.037
0.035
0.033
0.033
0.032
0.041
0.032
0.035
0.033
0.036
0.034
0.032
0.047
0.060
0.063
0.065
0.067
0.069
0.062
0.038
0.058
0.044
0.039
0.058
0.033
0.033
0.035
0.033
0.045
0.035
0.033
0.032
0.034
0.035
0.034
0.034
0.037
0.049
0.061
0.040
0.037
0.038
0.035
0.034
0.039
0.046
0.036
0.035
0.038
0.040
0.034
0.035
0.036
0.036
0.056
0.038
0.034
0.039
0.044
0.044
0.060
0.035
0.035
0.030
0.033
0.032
0.033
0.032
0.035
0.062
0.059
0.031
0.030
0.028
0.032
0.031
0.028
0.030
0.031
0.030
0.065
0.061
0.031
0.030
0.035
0.061
0.035
0.032
0.031
0.031
0.032
0.031
0.032
0.035
0.034
0.031
0.034
0.033
0.035
0.031
0.038
0.038
0.033
0.043
0.042
0.044
0.048
0.043
0.042
0.042
0.042
0.042
0.043
0.042
0.042
0.043
0.037
0.043
0.044
0.043
0.043
0.043
0.043
0.043
0.051
0.044
0.044
0.044
0.084
0.044
0.042
0.044
0.043
0.206
0.045
0.044
0.219
0.043
0.049
0.043
0.042
0.053
0.045
0.062
0.050
0.045
0.043
0.086
0.062
0.058
0.027
0.028
0.028
0.028
0.029
0.028
0.027
0.027
0.028
0.028
0.028
0.027
0.033
0.027
0.029
0.035
0.029
0.028
0.028
0.027
0.030
0.027
0.028
0.038
0.028
0.030
0.028
0.029
0.028
0.028
0.027
0.028
0.030
0.059
0.026
0.025
0.058
0.036
0.037
0.047
0.037
0.034
0.033
0.034
0.033
0.035
0.034
0.039
0.032
0.035
0.272
0.042
0.042
0.041
0.032
0.032
0.033
0.032
0.032
0.034
0.033
0.031
0.034
0.034
0.033
0.059
0.042
0.042
0.043
0.093
0.266
0.210
0.212
0.202
0.044
0.053
0.043
0.042
0.041
0.047
0.210
0.230
0.041
0.041
0.043
0.041
0.041
0.042
0.042
0.196
0.042
0.221
0.041
0.195
0.173
0.196
0.041
0.042
0.078
0.041
0.042
0.042
0.042
0.072
0.063
0.059
0.029
0.029
0.207
0.196
0.197
0.037
0.042
0.041
0.041
0.038
0.043
0.040
0.031
0.042
0.175
0.042
0.200
0.130
0.199
0.042
0.089
0.041
0.043
0.042
0.042
0.040
0.042
0.042
0.033
0.032
0.035
0.201
0.195
0.205
0.042
0.042
0.033
0.039
0.033
0.033
0.033
0.033
0.033
0.064
0.061
