0.060
0.059
0.063
0.065
0.067
0.067
0.065
0.060
0.059
0.070
0.069
0.063
0.063
0.063
0.065
0.033
0.049
0.060
0.028
0.038
0.033
0.027
0.029
0.040
0.058
0.029
0.030
0.033
0.032
0.040
0.032
0.051
0.042
0.032
0.039
0.036
0.031
0.069
0.067
0.061
0.066
0.051
0.050
0.046
0.036
0.041
0.063
0.062
0.038
0.036
0.029
0.040
0.054
0.032
0.034
0.032
0.030
0.030
0.052
0.032
3.48
0.037
0.030
0.057
0.031
0.029
0.030
0.029
0.029
0.063
0.029
0.030
0.031
0.032
0.033
0.037
0.030
0.034
0.051
0.053
0.034
0.061
0.054
0.077
0.059
0.062
0.072
0.066
0.063
3.00
0.063
0.066
0.066
0.036
0.064
0.047
0.046
0.057
0.064
0.062
0.050
0.043
0.047
0.046
0.081
0.064
0.030
0.030
0.030
0.032
0.055
0.027
0.030
0.068
0.033
0.041
0.033
0.031
0.030
0.033
0.033
0.034
0.031
0.034
0.066
0.065
0.075
0.066
0.063
0.064
0.064
0.064
0.057
0.055
0.059
0.031
0.038
0.041
0.039
0.034
0.032
0.049
0.091
0.059
0.062
0.047
0.041
0.051
0.042
0.049
0.045
0.044
0.053
0.037
0.039
0.038
0.041
0.071
0.029
0.029
0.026
0.029
0.031
0.025
0.026
0.031
0.031
0.031
0.032
0.061
0.025
0.031
0.031
0.059
0.040
0.026
0.039
0.039
0.037
0.047
0.027
0.042
0.038
0.041
0.039
0.038
0.038
0.028
0.239
0.054
0.030
0.031
0.029
0.027
0.030
0.029
0.067
0.067
0.068
0.066
0.062
0.071
0.068
0.067
0.062
0.071
0.060
0.045
0.044
0.043
0.061
0.050
0.040
0.041
0.046
0.045
0.040
0.064
0.045
0.050
0.061
0.046
0.046
0.048
0.045
0.045
0.053
0.047
0.048
0.062
0.046
0.046
0.046
0.035
0.045
0.062
0.061
0.048
0.053
0.042
0.039
0.040
0.034
0.040
0.033
0.033
0.033
0.032
0.035
0.031
0.037
0.063
0.056
0.059
0.050
0.041
0.036
0.047
0.045
0.047
0.048
0.047
0.047
0.045
0.049
0.063
0.052
0.066
0.046
0.046
0.049
0.049
0.048
0.050
0.049
0.051
0.046
0.063
0.051
0.046
0.046
0.042
0.063
0.063
0.046
0.050
0.054
0.053
0.047
0.046
0.052
0.042
0.041
0.038
0.039
0.047
0.047
0.042
0.070
0.059
0.039
0.037
0.035
0.029
0.032
0.076
0.141
0.047
0.038
0.043
0.035
0.037
0.036
0.065
0.062
0.043
0.060
0.048
0.067
0.070
0.063
0.054
0.026
0.029
0.027
0.030
0.031
0.053
0.031
0.043
0.029
0.030
0.033
0.029
0.030
0.033
0.030
0.030
0.030
0.036
0.032
0.029
0.035
0.029
0.085
0.074
0.068
0.027
0.028
0.026
0.029
0.031
0.031
0.030
0.030
0.030
0.031
0.029
0.030
0.031
0.039
0.052
0.027
0.034
0.031
0.039
0.042
0.038
0.038
0.031
0.038
0.046
0.038
0.043
0.041
0.028
0.048
0.050
0.032
0.031
0.029
0.044
0.044
0.042
0.042
0.043
0.043
0.044
0.042
0.045
0.066
0.062
2.00
0.062
0.063
0.062
0.062
0.063
0.516
0.060
0.032
0.031
0.062
0.046
0.041
0.045
0.042
0.066
0.060
0.173
0.041
0.041
0.064
0.033
0.031
0.033
0.035
0.034
0.037
0.034
0.041
0.060
0.045
0.068
0.061
0.045
0.040
0.063
0.040
0.040
0.042
0.046
0.042
0.045
0.043
0.050
0.040
0.041
0.046
0.068
0.056
0.038
0.037
0.043
0.038
0.040
0.052
0.035
0.037
0.039
0.044
0.035
0.040
0.037
0.055
0.058
0.043
0.043
0.081
0.064
0.032
0.039
0.042
0.102
0.045
0.041
0.036
0.053
0.037
0.048
0.054
0.062
0.061
0.043
0.038
0.058
0.050
0.035
0.037
0.062
0.036
0.047
0.301
0.048
0.042
0.044
0.062
0.044
0.047
0.036
0.044
0.044
0.039
0.037
0.050
0.040
0.038
0.039
0.039
0.051
0.045
0.057
0.047
0.039
0.036
0.033
0.030
0.030
0.053
0.044
0.050
0.069
0.064
0.054
0.059
0.064
0.065
0.096
0.066
0.065
0.066
0.065
0.042
0.039
0.037
0.040
0.037
0.051
0.037
0.038
0.042
0.052
0.039
0.062
0.041
0.043
0.042
0.044
0.045
0.044
0.045
0.039
0.041
0.052
0.042
0.037
0.069
0.050
0.068
0.062
0.046
0.043
0.041
0.041
0.043
0.044
0.033
0.038
0.034
0.037
0.041
0.037
0.034
0.051
1.00
0.057
0.041
0.033
0.036
0.033
0.048
0.034
0.035
0.035
0.041
0.033
0.034
0.035
0.034
0.033
0.056
0.031
0.033
0.059
0.032
0.066
0.064
0.063
0.070
0.064
0.062
0.086
0.055
0.058
0.042
0.072
0.048
0.034
0.033
0.037
0.032
0.032
0.032
0.033
0.040
0.035
0.038
0.033
0.030
0.031
0.037
0.058
0.035
0.062
0.061
0.036
0.040
0.037
0.038
0.037
0.035
0.035
0.043
0.046
0.043
0.033
0.032
0.070
0.056
0.031
0.033
0.033
0.034
0.030
0.033
0.035
0.031
0.027
0.027
0.058
0.023
0.023
0.058
0.054
0.023
0.023
0.028
0.027
0.025
0.025
0.026
0.024
0.030
0.026
0.028
0.024
0.023
0.024
0.059
0.056
0.023
0.024
0.029
0.029
0.025
0.027
0.029
0.028
0.058
0.030
0.026
0.028
0.031
0.027
0.063
0.033
0.028
0.035
0.028
0.028
0.028
0.067
0.060
0.031
0.029
0.029
0.030
0.067
0.032
0.053
0.061
0.067
0.032
0.031
0.032
0.032
0.032
0.030
0.030
0.031
0.029
0.032
0.031
0.030
0.034
0.069
0.067
0.072
0.072
0.386
0.070
0.068
0.065
0.071
0.067
0.062
0.031
0.031
0.031
0.888
0.064
0.062
0.052
0.046
0.037
0.037
0.039
0.036
0.033
0.026
0.031
0.031
0.030
0.046
0.031
0.036
0.064
0.065
0.056
0.042
0.032
0.030
0.031
0.035
0.032
0.033
0.033
0.034
0.033
0.033
0.033
0.043
0.052
0.061
0.051
0.041
0.033
0.033
0.032
0.033
0.032
0.032
0.031
0.032
0.031
0.030
0.032
0.034
0.059
0.052
0.045
0.034
0.044
0.032
0.032
0.032
0.058
0.066
0.062
0.066
0.065
0.067
0.059
0.068
0.072
0.072
0.064
0.075
0.062
0.030
0.031
0.030
0.149
0.032
0.031
0.080
0.064
0.048
0.052
0.050
0.056
0.050
0.050
0.049
0.075
0.057
0.062
0.051
0.045
0.045
0.051
0.045
0.048
0.047
0.052
1.54
0.060
0.048
0.050
0.058
0.044
0.048
0.043
0.044
0.053
0.043
0.049
0.046
0.042
0.042
0.047
0.061
0.063
0.041
0.060
0.093
0.055
0.044
0.044
0.050
0.041
0.046
0.041
0.049
0.048
0.042
0.045
0.061
0.050
0.045
0.044
0.060
0.043
0.050
0.080
0.079
0.076
0.071
0.069
0.028
0.028
0.031
0.039
0.059
0.031
0.026
0.030
0.027
0.028
0.030
0.029
0.028
0.029
0.031
0.031
0.027
0.028
0.031
0.062
0.043
0.058
0.027
0.032
0.035
0.038
0.033
0.028
0.029
0.028
0.035
0.033
0.032
0.034
0.059
0.065
0.032
0.033
0.033
0.034
0.061
0.067
0.065
0.068
0.065
0.068
0.070
0.068
0.064
0.071
0.067
0.047
0.063
0.043
0.029
0.030
0.041
0.028
0.028
0.031
0.033
0.030
0.088
0.065
0.032
0.042
0.059
0.030
0.028
0.031
0.031
0.031
0.031
0.031
0.033
0.030
0.055
0.039
0.036
0.040
0.039
0.063
0.062
0.031
0.031
0.032
0.030
0.032
0.041
0.029
0.032
0.032
0.033
0.032
0.033
0.034
0.032
0.056
0.060
0.033
0.028
0.031
0.033
0.033
0.031
0.034
0.034
0.033
0.032
0.031
0.035
0.035
0.063
0.070
0.069
0.056
0.062
0.066
0.066
0.061
0.078
0.068
0.035
0.026
0.027
0.027
0.052
0.037
0.353
0.063
0.066
0.031
0.032
0.031
0.035
0.032
0.032
0.030
0.031
0.033
0.032
